8.500000000000000000e+00 4.432406876554289710e+01 8.500000000000000000e+00 4.450000000000000000e+01
8.500000000000000000e+00 4.450000000000000000e+01 1.150000000000000000e+01 4.450000000000000000e+01
1.150000000000000000e+01 4.450000000000000000e+01 1.150000000000000000e+01 4.235415483329600050e+01
1.150000000000000000e+01 4.235415483329600050e+01 1.137497199999999964e+01 4.240625000000000000e+01
1.137497199999999964e+01 4.240625000000000000e+01 1.123083300000000051e+01 4.241875000000000284e+01
1.123083300000000051e+01 4.241875000000000284e+01 1.120869399999999949e+01 4.241083299999999667e+01
1.120869399999999949e+01 4.241083299999999667e+01 1.121291699999999913e+01 4.239000000000000057e+01
1.121291699999999913e+01 4.239000000000000057e+01 1.118747199999999964e+01 4.236377800000000349e+01
1.118747199999999964e+01 4.236377800000000349e+01 1.115080599999999933e+01 4.236291700000000304e+01
1.115080599999999933e+01 4.236291700000000304e+01 1.109333299999999944e+01 4.239458299999999724e+01
1.109333299999999944e+01 4.239458299999999724e+01 1.108372199999999985e+01 4.243249999999999744e+01
1.108372199999999985e+01 4.243249999999999744e+01 1.110327799999999954e+01 4.244958299999999696e+01
1.110327799999999954e+01 4.244958299999999696e+01 1.116080599999999912e+01 4.243872199999999850e+01
1.116080599999999912e+01 4.243872199999999850e+01 1.119544400000000017e+01 4.250830599999999748e+01
1.119544400000000017e+01 4.250830599999999748e+01 1.115666700000000056e+01 4.256288899999999842e+01
1.115666700000000056e+01 4.256288899999999842e+01 1.112080599999999997e+01 4.255955600000000061e+01
1.112080599999999997e+01 4.255955600000000061e+01 1.108247199999999921e+01 4.263202799999999826e+01
1.108247199999999921e+01 4.263202799999999826e+01 1.100330600000000025e+01 4.265791699999999764e+01
1.100330600000000025e+01 4.265791699999999764e+01 1.098952799999999996e+01 4.270416699999999821e+01
1.098952799999999996e+01 4.270416699999999821e+01 1.094749999999999979e+01 4.274125000000000085e+01
1.094749999999999979e+01 4.274125000000000085e+01 1.078663899999999920e+01 4.277458299999999980e+01
1.078663899999999920e+01 4.277458299999999980e+01 1.072869400000000084e+01 4.280411099999999891e+01
1.072869400000000084e+01 4.280411099999999891e+01 1.075916699999999970e+01 4.281291699999999878e+01
1.075916699999999970e+01 4.281291699999999878e+01 1.077122199999999985e+01 4.283583300000000094e+01
1.077122199999999985e+01 4.283583300000000094e+01 1.076619400000000049e+01 4.287166700000000219e+01
1.076619400000000049e+01 4.287166700000000219e+01 1.078369400000000056e+01 4.289333299999999838e+01
1.078369400000000056e+01 4.289333299999999838e+01 1.076244400000000034e+01 4.291786100000000204e+01
1.076244400000000034e+01 4.291786100000000204e+01 1.063577800000000018e+01 4.295541699999999707e+01
1.063577800000000018e+01 4.295541699999999707e+01 1.055077799999999932e+01 4.294958299999999696e+01
1.055077799999999932e+01 4.294958299999999696e+01 1.054411099999999912e+01 4.292288899999999785e+01
1.054411099999999912e+01 4.292288899999999785e+01 1.049388899999999936e+01 4.293413900000000183e+01
1.049388899999999936e+01 4.293413900000000183e+01 1.048122200000000070e+01 4.298663899999999671e+01
1.048122200000000070e+01 4.298663899999999671e+01 1.052374999999999972e+01 4.300000000000000000e+01
1.052374999999999972e+01 4.300000000000000000e+01 1.054619399999999985e+01 4.311497200000000163e+01
1.054619399999999985e+01 4.311497200000000163e+01 1.053369400000000056e+01 4.325169400000000053e+01
1.053369400000000056e+01 4.325169400000000053e+01 1.049205599999999983e+01 4.330833299999999753e+01
1.049205599999999983e+01 4.330833299999999753e+01 1.051041700000000034e+01 4.331997199999999992e+01
1.051041700000000034e+01 4.331997199999999992e+01 1.048997199999999985e+01 4.330955600000000061e+01
1.048997199999999985e+01 4.330955600000000061e+01 1.047411100000000062e+01 4.332124999999999915e+01
1.047411100000000062e+01 4.332124999999999915e+01 1.043122199999999999e+01 4.340580599999999833e+01
1.043122199999999999e+01 4.340580599999999833e+01 1.041080599999999912e+01 4.340794400000000053e+01
1.041080599999999912e+01 4.340794400000000053e+01 1.038413899999999934e+01 4.345544399999999996e+01
1.038413899999999934e+01 4.345544399999999996e+01 1.033619400000000077e+01 4.348166700000000162e+01
1.033619400000000077e+01 4.348166700000000162e+01 1.030124999999999957e+01 4.355830600000000175e+01
1.030124999999999957e+01 4.355830600000000175e+01 1.032375000000000043e+01 4.357999999999999829e+01
1.032375000000000043e+01 4.357999999999999829e+01 1.030747200000000063e+01 4.356955599999999862e+01
1.030747200000000063e+01 4.356955599999999862e+01 1.027872200000000014e+01 4.367833300000000207e+01
1.027872200000000014e+01 4.367833300000000207e+01 1.030625000000000036e+01 4.368744399999999928e+01
1.030625000000000036e+01 4.368744399999999928e+01 1.028455600000000025e+01 4.368919400000000053e+01
1.028455600000000025e+01 4.368919400000000053e+01 1.028288900000000083e+01 4.374083300000000207e+01
1.028288900000000083e+01 4.374083300000000207e+01 1.030288900000000041e+01 4.374249999999999972e+01
1.030288900000000041e+01 4.374249999999999972e+01 1.028286100000000047e+01 4.374327799999999655e+01
1.028286100000000047e+01 4.374327799999999655e+01 1.027538900000000055e+01 4.378830599999999862e+01
1.027538900000000055e+01 4.378830599999999862e+01 1.029119400000000084e+01 4.378247199999999850e+01
1.029119400000000084e+01 4.378247199999999850e+01 1.024452800000000074e+01 4.388333300000000037e+01
1.024452800000000074e+01 4.388333300000000037e+01 1.017997199999999935e+01 4.396119399999999899e+01
1.017997199999999935e+01 4.396119399999999899e+01 1.007083300000000037e+01 4.402788900000000183e+01
1.007083300000000037e+01 4.402788900000000183e+01 9.989138999999999768e+00 4.404705599999999777e+01
9.989138999999999768e+00 4.404705599999999777e+01 9.975832999999999728e+00 4.406622200000000333e+01
9.975832999999999728e+00 4.406622200000000333e+01 9.985388999999999626e+00 4.404416700000000162e+01
9.985388999999999626e+00 4.404416700000000162e+01 9.961638999999999911e+00 4.403619400000000184e+01
9.961638999999999911e+00 4.403619400000000184e+01 9.848305999999999116e+00 4.410958300000000065e+01
9.848305999999999116e+00 4.410958300000000065e+01 9.827028000000000318e+00 4.410169400000000195e+01
9.827028000000000318e+00 4.410169400000000195e+01 9.834944000000000131e+00 4.408955600000000175e+01
9.834944000000000131e+00 4.408955600000000175e+01 9.817888999999999200e+00 4.409580600000000317e+01
9.817888999999999200e+00 4.409580600000000317e+01 9.851193999999999562e+00 4.406750000000000256e+01
9.851193999999999562e+00 4.406750000000000256e+01 9.830778000000000461e+00 4.404786099999999749e+01
9.830778000000000461e+00 4.404786099999999749e+01 9.673277999999999821e+00 4.413872200000000134e+01
9.673277999999999821e+00 4.413872200000000134e+01 9.646611000000000047e+00 4.414458299999999724e+01
9.646611000000000047e+00 4.414458299999999724e+01 9.633305999999999258e+00 4.413374999999999915e+01
9.633305999999999258e+00 4.413374999999999915e+01 9.603277999999999537e+00 4.417202799999999741e+01
9.603277999999999537e+00 4.417202799999999741e+01 9.567472000000000421e+00 4.418119399999999786e+01
9.567472000000000421e+00 4.418119399999999786e+01 9.492471999999999355e+00 4.423624999999999829e+01
9.492471999999999355e+00 4.423624999999999829e+01 9.441667000000000698e+00 4.423708299999999838e+01
9.441667000000000698e+00 4.423708299999999838e+01 9.421611000000000402e+00 4.425791699999999906e+01
9.421611000000000402e+00 4.425791699999999906e+01 9.402471999999999497e+00 4.425124999999999886e+01
9.402471999999999497e+00 4.425124999999999886e+01 9.376611000000000473e+00 4.428958300000000037e+01
9.376611000000000473e+00 4.428958300000000037e+01 9.233361000000000374e+00 4.434708299999999781e+01
9.233361000000000374e+00 4.434708299999999781e+01 9.214999999999999858e+00 4.429874999999999829e+01
9.214999999999999858e+00 4.429874999999999829e+01 9.151611000000000828e+00 4.431622200000000333e+01
9.151611000000000828e+00 4.431622200000000333e+01 9.152082999999999302e+00 4.434663900000000325e+01
9.152082999999999302e+00 4.434663900000000325e+01 9.119139000000000550e+00 4.436622200000000049e+01
9.119139000000000550e+00 4.436622200000000049e+01 8.930806000000000466e+00 4.439619400000000127e+01
8.930806000000000466e+00 4.439619400000000127e+01 8.925833000000000794e+00 4.441288899999999984e+01
8.925833000000000794e+00 4.441288899999999984e+01 8.916693999999999676e+00 4.439955599999999691e+01
8.916693999999999676e+00 4.439955599999999691e+01 8.831694000000000599e+00 4.442536100000000232e+01
8.831694000000000599e+00 4.442536100000000232e+01 8.747528000000000858e+00 4.442711099999999647e+01
8.747528000000000858e+00 4.442711099999999647e+01 8.500000000000000000e+00 4.432406876554289710e+01
8.539139000000000479e+00 4.223705600000000260e+01 8.692861000000000615e+00 4.226583300000000065e+01
8.692861000000000615e+00 4.226583300000000065e+01 8.660028000000000503e+00 4.230038900000000268e+01
8.660028000000000503e+00 4.230038900000000268e+01 8.599583000000000865e+00 4.230744399999999672e+01
8.599583000000000865e+00 4.230744399999999672e+01 8.597471999999999781e+00 4.232122199999999879e+01
8.597471999999999781e+00 4.232122199999999879e+01 8.626139000000000223e+00 4.232997199999999793e+01
8.626139000000000223e+00 4.232997199999999793e+01 8.614971999999999852e+00 4.234708299999999781e+01
8.614971999999999852e+00 4.234708299999999781e+01 8.551638999999999768e+00 4.233208299999999724e+01
8.551638999999999768e+00 4.233208299999999724e+01 8.541194000000000841e+00 4.236830599999999691e+01
8.541194000000000841e+00 4.236830599999999691e+01 8.605778000000000816e+00 4.238536100000000317e+01
8.605778000000000816e+00 4.238536100000000317e+01 8.607528000000000290e+00 4.241624999999999801e+01
8.607528000000000290e+00 4.241624999999999801e+01 8.657083000000000084e+00 4.241663900000000353e+01
8.657083000000000084e+00 4.241663900000000353e+01 8.648749999999999716e+00 4.244247200000000220e+01
8.648749999999999716e+00 4.244247200000000220e+01 8.680417000000000272e+00 4.246913899999999842e+01
8.680417000000000272e+00 4.246913899999999842e+01 8.647944000000000742e+00 4.247747199999999879e+01
8.647944000000000742e+00 4.247747199999999879e+01 8.668361000000000871e+00 4.251538899999999899e+01
8.668361000000000871e+00 4.251538899999999899e+01 8.719556000000000751e+00 4.252494399999999786e+01
8.719556000000000751e+00 4.252494399999999786e+01 8.704582999999999515e+00 4.256916700000000020e+01
8.704582999999999515e+00 4.256916700000000020e+01 8.722471999999999781e+00 4.258375000000000199e+01
8.722471999999999781e+00 4.258375000000000199e+01 8.726667000000000840e+00 4.256208300000000122e+01
8.726667000000000840e+00 4.256208300000000122e+01 8.759138999999999342e+00 4.257038899999999870e+01
8.759138999999999342e+00 4.257038899999999870e+01 8.776583000000000467e+00 4.255624999999999858e+01
8.776583000000000467e+00 4.255624999999999858e+01 8.802917000000000769e+00 4.257083300000000037e+01
8.802917000000000769e+00 4.257083300000000037e+01 8.799972000000000349e+00 4.260125000000000028e+01
8.799972000000000349e+00 4.260125000000000028e+01 8.868306000000000466e+00 4.260791700000000048e+01
8.868306000000000466e+00 4.260791700000000048e+01 8.878332999999999586e+00 4.262952800000000053e+01
8.878332999999999586e+00 4.262952800000000053e+01 8.904111000000000331e+00 4.262624999999999886e+01
8.904111000000000331e+00 4.262624999999999886e+01 8.928333000000000297e+00 4.264541700000000191e+01
8.928333000000000297e+00 4.264541700000000191e+01 8.940806000000000253e+00 4.263372199999999879e+01
8.940806000000000253e+00 4.263372199999999879e+01 9.014943999999999846e+00 4.264041699999999935e+01
9.014943999999999846e+00 4.264041699999999935e+01 9.060361000000000331e+00 4.266080600000000089e+01
9.060361000000000331e+00 4.266080600000000089e+01 9.057527999999999579e+00 4.269872199999999651e+01
9.057527999999999579e+00 4.269872199999999651e+01 9.069917000000000229e+00 4.269208299999999667e+01
9.069917000000000229e+00 4.269208299999999667e+01 9.123250000000000526e+00 4.273205600000000004e+01
9.123250000000000526e+00 4.273205600000000004e+01 9.164917000000000868e+00 4.273702800000000224e+01
9.164917000000000868e+00 4.273702800000000224e+01 9.201639000000000124e+00 4.272205600000000203e+01
9.201639000000000124e+00 4.272205600000000203e+01 9.221638999999999697e+00 4.273624999999999829e+01
9.221638999999999697e+00 4.273624999999999829e+01 9.256610999999999478e+00 4.271875000000000000e+01
9.256610999999999478e+00 4.271875000000000000e+01 9.284193999999999392e+00 4.267452800000000224e+01
9.284193999999999392e+00 4.267452800000000224e+01 9.299139000000000266e+00 4.267622200000000277e+01
9.299139000000000266e+00 4.267622200000000277e+01 9.345444000000000528e+00 4.273577800000000337e+01
9.345444000000000528e+00 4.273577800000000337e+01 9.343750000000000000e+00 4.279252799999999723e+01
9.343750000000000000e+00 4.279252799999999723e+01 9.309556000000000608e+00 4.283413900000000041e+01
9.309556000000000608e+00 4.283413900000000041e+01 9.340417000000000414e+00 4.286583300000000207e+01
9.340417000000000414e+00 4.286583300000000207e+01 9.322082999999999231e+00 4.289916699999999850e+01
9.322082999999999231e+00 4.289916699999999850e+01 9.361278000000000432e+00 4.292249999999999943e+01
9.361278000000000432e+00 4.292249999999999943e+01 9.342055999999999472e+00 4.299580600000000175e+01
9.342055999999999472e+00 4.299580600000000175e+01 9.362472000000000349e+00 4.301119400000000326e+01
9.362472000000000349e+00 4.301119400000000326e+01 9.430028000000000077e+00 4.301955600000000146e+01
9.430028000000000077e+00 4.301955600000000146e+01 9.462889000000000550e+00 4.298583299999999952e+01
9.462889000000000550e+00 4.298583299999999952e+01 9.452028000000000318e+00 4.296083300000000094e+01
9.452028000000000318e+00 4.296083300000000094e+01 9.491222000000000492e+00 4.280661099999999664e+01
9.491222000000000492e+00 4.280661099999999664e+01 9.447027999999999537e+00 4.265663899999999842e+01
9.447027999999999537e+00 4.265663899999999842e+01 9.532861000000000473e+00 4.254583300000000179e+01
9.532861000000000473e+00 4.254583300000000179e+01 9.531221999999999639e+00 4.237080600000000175e+01
9.531221999999999639e+00 4.237080600000000175e+01 9.559556000000000608e+00 4.228499999999999659e+01
9.559556000000000608e+00 4.228499999999999659e+01 9.553722000000000492e+00 4.211997199999999708e+01
9.553722000000000492e+00 4.211997199999999708e+01 9.409971999999999781e+00 4.194038900000000325e+01
9.409971999999999781e+00 4.194038900000000325e+01 9.399582999999999799e+00 4.195827799999999996e+01
9.399582999999999799e+00 4.195827799999999996e+01 9.413750000000000284e+00 4.192997199999999935e+01
9.413750000000000284e+00 4.192997199999999935e+01 9.395417000000000129e+00 4.187502800000000036e+01
9.395417000000000129e+00 4.187502800000000036e+01 9.402082999999999302e+00 4.169500000000000028e+01
9.402082999999999302e+00 4.169500000000000028e+01 9.372889000000000692e+00 4.167999999999999972e+01
9.372889000000000692e+00 4.167999999999999972e+01 9.389556000000000680e+00 4.165494400000000041e+01
9.389556000000000680e+00 4.165494400000000041e+01 9.367471999999999355e+00 4.163455600000000345e+01
9.367471999999999355e+00 4.163455600000000345e+01 9.347889000000000337e+00 4.163747200000000248e+01
9.347889000000000337e+00 4.163747200000000248e+01 9.353360999999999592e+00 4.161625000000000085e+01
9.353360999999999592e+00 4.161625000000000085e+01 9.304166999999999632e+00 4.162622199999999850e+01
9.304166999999999632e+00 4.162622199999999850e+01 9.281278000000000361e+00 4.160413900000000353e+01
9.281278000000000361e+00 4.160413900000000353e+01 9.291667000000000343e+00 4.157958299999999952e+01
9.291667000000000343e+00 4.157958299999999952e+01 9.316639000000000337e+00 4.160455600000000231e+01
9.316639000000000337e+00 4.160455600000000231e+01 9.367917000000000272e+00 4.159250000000000114e+01
9.367917000000000272e+00 4.159250000000000114e+01 9.343277999999999750e+00 4.155872200000000305e+01
9.343277999999999750e+00 4.155872200000000305e+01 9.273721999999999355e+00 4.152830600000000061e+01
9.273721999999999355e+00 4.152830600000000061e+01 9.283694000000000557e+00 4.151330600000000004e+01
9.283694000000000557e+00 4.151330600000000004e+01 9.269783181818180395e+00 4.150000000000000000e+01
9.269783181818180395e+00 4.150000000000000000e+01 8.913708488808889996e+00 4.150000000000000000e+01
8.913708488808889996e+00 4.150000000000000000e+01 8.911638999999999200e+00 4.150788899999999870e+01
8.911638999999999200e+00 4.150788899999999870e+01 8.880805999999999756e+00 4.150288900000000325e+01
8.880805999999999756e+00 4.150288900000000325e+01 8.875833000000000084e+00 4.152374999999999972e+01
8.875833000000000084e+00 4.152374999999999972e+01 8.840832999999999942e+00 4.151622199999999907e+01
8.840832999999999942e+00 4.151622199999999907e+01 8.853332999999999231e+00 4.154708300000000065e+01
8.853332999999999231e+00 4.154708300000000065e+01 8.844972000000000278e+00 4.153869399999999956e+01
8.844972000000000278e+00 4.153869399999999956e+01 8.786222000000000421e+00 4.155577799999999655e+01
8.786222000000000421e+00 4.155577799999999655e+01 8.802082999999999657e+00 4.157497200000000248e+01
8.802082999999999657e+00 4.157497200000000248e+01 8.772916999999999632e+00 4.159080600000000061e+01
8.772916999999999632e+00 4.159080600000000061e+01 8.788721999999999923e+00 4.162830600000000203e+01
8.788721999999999923e+00 4.162830600000000203e+01 8.870777999999999608e+00 4.164786099999999891e+01
8.870777999999999608e+00 4.164786099999999891e+01 8.913361000000000089e+00 4.169041699999999651e+01
8.913361000000000089e+00 4.169041699999999651e+01 8.838333000000000439e+00 4.169622199999999879e+01
8.838333000000000439e+00 4.169622199999999879e+01 8.810805999999999472e+00 4.171294400000000024e+01
8.810805999999999472e+00 4.171294400000000024e+01 8.781639000000000195e+00 4.169869400000000326e+01
8.781639000000000195e+00 4.169869400000000326e+01 8.772472000000000492e+00 4.174036100000000005e+01
8.772472000000000492e+00 4.174036100000000005e+01 8.705833000000000155e+00 4.172122199999999737e+01
8.705833000000000155e+00 4.172122199999999737e+01 8.698332999999999871e+00 4.174038900000000041e+01
8.698332999999999871e+00 4.174038900000000041e+01 8.658777999999999864e+00 4.174077799999999883e+01
8.658777999999999864e+00 4.174077799999999883e+01 8.725388999999999839e+00 4.177080600000000032e+01
8.725388999999999839e+00 4.177080600000000032e+01 8.712471999999999994e+00 4.180205600000000032e+01
8.712471999999999994e+00 4.180205600000000032e+01 8.738333000000000794e+00 4.179702799999999741e+01
8.738333000000000794e+00 4.179702799999999741e+01 8.771221999999999852e+00 4.181163899999999956e+01
8.771221999999999852e+00 4.181163899999999956e+01 8.782861000000000473e+00 4.182997199999999793e+01
8.782861000000000473e+00 4.182997199999999793e+01 8.749556000000000111e+00 4.184247200000000078e+01
8.749556000000000111e+00 4.184247200000000078e+01 8.785778000000000532e+00 4.184791700000000247e+01
8.785778000000000532e+00 4.184791700000000247e+01 8.777027999999999608e+00 4.188166700000000020e+01
8.777027999999999608e+00 4.188166700000000020e+01 8.802861000000000047e+00 4.189416700000000304e+01
8.802861000000000047e+00 4.189416700000000304e+01 8.778249999999999886e+00 4.192374999999999829e+01
8.778249999999999886e+00 4.192374999999999829e+01 8.748278000000000887e+00 4.193124999999999858e+01
8.748278000000000887e+00 4.193124999999999858e+01 8.720805999999999614e+00 4.190702799999999684e+01
8.720805999999999614e+00 4.190702799999999684e+01 8.644999999999999574e+00 4.190872199999999737e+01
8.644999999999999574e+00 4.190872199999999737e+01 8.607889000000000124e+00 4.189333299999999838e+01
8.607889000000000124e+00 4.189333299999999838e+01 8.624556000000000111e+00 4.193502800000000263e+01
8.624556000000000111e+00 4.193502800000000263e+01 8.590389000000000053e+00 4.196166699999999850e+01
8.590389000000000053e+00 4.196166699999999850e+01 8.649138999999999911e+00 4.196619400000000155e+01
8.649138999999999911e+00 4.196619400000000155e+01 8.671193999999999846e+00 4.198166700000000162e+01
8.671193999999999846e+00 4.198166700000000162e+01 8.661638999999999200e+00 4.201202800000000082e+01
8.661638999999999200e+00 4.201202800000000082e+01 8.747082999999999942e+00 4.204827800000000337e+01
8.747082999999999942e+00 4.204827800000000337e+01 8.718693999999999278e+00 4.206247199999999964e+01
8.718693999999999278e+00 4.206247199999999964e+01 8.698361000000000232e+00 4.211124999999999829e+01
8.698361000000000232e+00 4.211124999999999829e+01 8.659943999999999420e+00 4.209872200000000220e+01
8.659943999999999420e+00 4.209872200000000220e+01 8.610832999999999515e+00 4.213208300000000150e+01
8.610832999999999515e+00 4.213208300000000150e+01 8.579971999999999710e+00 4.212619399999999814e+01
8.579971999999999710e+00 4.212619399999999814e+01 8.584111000000000047e+00 4.214955599999999691e+01
8.584111000000000047e+00 4.214955599999999691e+01 8.557861000000000828e+00 4.214580600000000032e+01
8.557861000000000828e+00 4.214580600000000032e+01 8.591222000000000136e+00 4.216747199999999651e+01
8.591222000000000136e+00 4.216747199999999651e+01 8.558778000000000219e+00 4.217000000000000171e+01
8.558778000000000219e+00 4.217000000000000171e+01 8.584528000000000603e+00 4.217997199999999935e+01
8.584528000000000603e+00 4.217997199999999935e+01 8.578305999999999543e+00 4.220455599999999663e+01
8.578305999999999543e+00 4.220455599999999663e+01 8.562082999999999444e+00 4.220250000000000057e+01
8.562082999999999444e+00 4.220250000000000057e+01 8.572943999999999676e+00 4.222500000000000142e+01
8.572943999999999676e+00 4.222500000000000142e+01 8.539139000000000479e+00 4.223705600000000260e+01
1.010208300000000037e+01 4.276916700000000304e+01 1.010211100000000073e+01 4.277499999999999858e+01
1.010211100000000073e+01 4.277499999999999858e+01 1.013997200000000021e+01 4.281205599999999833e+01
1.013997200000000021e+01 4.281205599999999833e+01 1.018661099999999919e+01 4.281455600000000317e+01
1.018661099999999919e+01 4.281455600000000317e+01 1.024494400000000027e+01 4.279119399999999729e+01
1.024494400000000027e+01 4.279119399999999729e+01 1.026872200000000035e+01 4.280666699999999736e+01
1.026872200000000035e+01 4.280666699999999736e+01 1.026249999999999929e+01 4.283291700000000191e+01
1.026249999999999929e+01 4.283291700000000191e+01 1.033416700000000077e+01 4.282038899999999870e+01
1.033416700000000077e+01 4.282038899999999870e+01 1.031708300000000023e+01 4.280913900000000183e+01
1.031708300000000023e+01 4.280913900000000183e+01 1.035083299999999973e+01 4.280038900000000268e+01
1.035083299999999973e+01 4.280038900000000268e+01 1.041083300000000023e+01 4.287538899999999842e+01
1.041083300000000023e+01 4.287538899999999842e+01 1.044369400000000070e+01 4.285077799999999826e+01
1.044369400000000070e+01 4.285077799999999826e+01 1.043619400000000041e+01 4.277830600000000061e+01
1.043619400000000041e+01 4.277830600000000061e+01 1.038705599999999940e+01 4.276086099999999846e+01
1.038705599999999940e+01 4.276086099999999846e+01 1.043374999999999986e+01 4.273580599999999663e+01
1.043374999999999986e+01 4.273580599999999663e+01 1.042327799999999982e+01 4.270958300000000207e+01
1.042327799999999982e+01 4.270958300000000207e+01 1.038244399999999956e+01 4.271705599999999947e+01
1.038244399999999956e+01 4.271705599999999947e+01 1.034833300000000023e+01 4.276458300000000179e+01
1.034833300000000023e+01 4.276458300000000179e+01 1.031997199999999992e+01 4.276288900000000126e+01
1.031997199999999992e+01 4.276288900000000126e+01 1.032000000000000028e+01 4.273872200000000277e+01
1.032000000000000028e+01 4.273872200000000277e+01 1.029997200000000035e+01 4.276038900000000353e+01
1.029997200000000035e+01 4.276038900000000353e+01 1.028833299999999973e+01 4.273786100000000232e+01
1.028833299999999973e+01 4.273786100000000232e+01 1.024330600000000047e+01 4.275202800000000281e+01
1.024330600000000047e+01 4.275202800000000281e+01 1.023833300000000079e+01 4.272874999999999801e+01
1.023833300000000079e+01 4.272874999999999801e+01 1.018330599999999997e+01 4.273791700000000304e+01
1.018330599999999997e+01 4.273791700000000304e+01 1.015744399999999992e+01 4.272788899999999757e+01
1.015744399999999992e+01 4.272788899999999757e+01 1.010208300000000037e+01 4.276916700000000304e+01
1.086372199999999921e+01 4.236163899999999671e+01 1.086372199999999921e+01 4.236661099999999891e+01
1.086372199999999921e+01 4.236661099999999891e+01 1.088163899999999984e+01 4.239124999999999943e+01
1.088163899999999984e+01 4.239124999999999943e+01 1.090497200000000078e+01 4.238458299999999923e+01
1.090497200000000078e+01 4.238458299999999923e+01 1.092708299999999966e+01 4.235830599999999890e+01
1.092708299999999966e+01 4.235830599999999890e+01 1.091994399999999921e+01 4.231872200000000106e+01
1.091994399999999921e+01 4.231872200000000106e+01 1.086372199999999921e+01 4.236163899999999671e+01
9.798693999999999349e+00 4.302997200000000078e+01 9.798721999999999710e+00 4.303249999999999886e+01
9.798721999999999710e+00 4.303249999999999886e+01 9.807055999999999329e+00 4.306244399999999928e+01
9.807055999999999329e+00 4.306244399999999928e+01 9.835000000000000853e+00 4.308038899999999671e+01
9.835000000000000853e+00 4.308038899999999671e+01 9.850360999999999478e+00 4.303583299999999667e+01
9.850360999999999478e+00 4.303583299999999667e+01 9.819167000000000201e+00 4.301038900000000353e+01
9.819167000000000201e+00 4.301038900000000353e+01 9.798693999999999349e+00 4.302997200000000078e+01
1.004455600000000004e+01 4.258247200000000277e+01 1.004449999999999932e+01 4.258497200000000049e+01
1.004449999999999932e+01 4.258497200000000049e+01 1.007077800000000067e+01 4.259205599999999947e+01
1.007077800000000067e+01 4.259205599999999947e+01 1.008583299999999916e+01 4.262038900000000297e+01
1.008583299999999916e+01 4.262038900000000297e+01 1.010211100000000073e+01 4.257747200000000021e+01
1.010211100000000073e+01 4.257747200000000021e+01 1.008741700000000030e+01 4.256955599999999862e+01
1.008741700000000030e+01 4.256955599999999862e+01 1.004455600000000004e+01 4.258247200000000277e+01
1.028708300000000087e+01 4.233416700000000077e+01 1.028705599999999976e+01 4.233747199999999822e+01
1.028705599999999976e+01 4.233747199999999822e+01 1.031330600000000075e+01 4.235374999999999801e+01
1.031330600000000075e+01 4.235374999999999801e+01 1.033036099999999990e+01 4.232583300000000293e+01
1.033036099999999990e+01 4.232583300000000293e+01 1.030327800000000060e+01 4.231624999999999659e+01
1.030327800000000060e+01 4.231624999999999659e+01 1.028708300000000087e+01 4.233416700000000077e+01
9.895443999999999463e+00 4.343249999999999744e+01 9.895388999999999768e+00 4.343413900000000183e+01
9.895388999999999768e+00 4.343413900000000183e+01 9.917889000000000621e+00 4.344250000000000256e+01
9.917889000000000621e+00 4.344250000000000256e+01 9.909943999999999420e+00 4.342619400000000240e+01
9.909943999999999420e+00 4.342619400000000240e+01 9.895443999999999463e+00 4.343249999999999744e+01
1.109036099999999969e+01 4.225333299999999781e+01 1.109036099999999969e+01 4.225586100000000300e+01
1.109036099999999969e+01 4.225586100000000300e+01 1.111291699999999949e+01 4.226080600000000231e+01
1.111291699999999949e+01 4.226080600000000231e+01 1.110749999999999993e+01 4.223872200000000277e+01
1.110749999999999993e+01 4.223872200000000277e+01 1.109036099999999969e+01 4.225333299999999781e+01
9.832888999999999768e+00 4.404413900000000126e+01 9.832888999999999768e+00 4.404577799999999854e+01
9.832888999999999768e+00 4.404577799999999854e+01 9.854528000000000176e+00 4.405083299999999724e+01
9.854528000000000176e+00 4.405083299999999724e+01 9.846667000000000058e+00 4.403288899999999728e+01
9.846667000000000058e+00 4.403288899999999728e+01 9.832888999999999768e+00 4.404413900000000126e+01
8.876250000000000639e+00 4.440416700000000105e+01 8.876250000000000639e+00 4.440502800000000150e+01
8.876250000000000639e+00 4.440502800000000150e+01 8.931193999999999633e+00 4.439327800000000224e+01
8.931193999999999633e+00 4.439327800000000224e+01 8.876250000000000639e+00 4.440416700000000105e+01
8.586194000000000770e+00 4.187413899999999956e+01 8.586194000000000770e+00 4.187500000000000000e+01
8.586194000000000770e+00 4.187500000000000000e+01 8.601250000000000284e+00 4.188077799999999939e+01
8.601250000000000284e+00 4.188077799999999939e+01 8.586194000000000770e+00 4.187413899999999956e+01
9.857082999999999373e+00 4.406750000000000256e+01 9.859166999999999348e+00 4.407041699999999906e+01
9.859166999999999348e+00 4.407041699999999906e+01 9.881166999999999589e+00 4.407830599999999777e+01
9.881166999999999589e+00 4.407830599999999777e+01 9.857082999999999373e+00 4.406750000000000256e+01
8.822055999999999898e+00 4.441580600000000345e+01 8.822055999999999898e+00 4.441666699999999679e+01
8.822055999999999898e+00 4.441666699999999679e+01 8.856222000000000705e+00 4.440830600000000317e+01
8.856222000000000705e+00 4.440830600000000317e+01 8.822055999999999898e+00 4.441580600000000345e+01
