-1.496218330000000094e+02 -1.757502799999999965e+01 -1.495672500000000014e+02 -1.752788899999999828e+01
-1.495672500000000014e+02 -1.752788899999999828e+01 -1.495130829999999946e+02 -1.752291699999999963e+01
-1.495130829999999946e+02 -1.752291699999999963e+01 -1.494964170000000081e+02 -1.749294400000000138e+01
-1.494964170000000081e+02 -1.749294400000000138e+01 -1.493413889999999924e+02 -1.754541700000000048e+01
-1.493413889999999924e+02 -1.754541700000000048e+01 -1.492993060000000014e+02 -1.760997199999999907e+01
-1.492993060000000014e+02 -1.760997199999999907e+01 -1.493126110000000040e+02 -1.765169399999999911e+01
-1.493126110000000040e+02 -1.765169399999999911e+01 -1.493059719999999970e+02 -1.772083299999999895e+01
-1.493059719999999970e+02 -1.772083299999999895e+01 -1.491805280000000096e+02 -1.775375000000000014e+01
-1.491805280000000096e+02 -1.775375000000000014e+01 -1.491605560000000139e+02 -1.774541699999999977e+01
-1.491605560000000139e+02 -1.774541699999999977e+01 -1.491285000000000025e+02 -1.778083300000000122e+01
-1.491285000000000025e+02 -1.778083300000000122e+01 -1.491401390000000049e+02 -1.786749999999999972e+01
-1.491401390000000049e+02 -1.786749999999999972e+01 -1.491846940000000075e+02 -1.787961100000000059e+01
-1.491846940000000075e+02 -1.787961100000000059e+01 -1.492697780000000023e+02 -1.784963899999999981e+01
-1.492697780000000023e+02 -1.784963899999999981e+01 -1.492976109999999892e+02 -1.781919399999999953e+01
-1.492976109999999892e+02 -1.781919399999999953e+01 -1.493167779999999993e+02 -1.774669400000000152e+01
-1.493167779999999993e+02 -1.774669400000000152e+01 -1.493334720000000004e+02 -1.774500000000000099e+01
-1.493334720000000004e+02 -1.774500000000000099e+01 -1.493247220000000084e+02 -1.772877799999999837e+01
-1.493247220000000084e+02 -1.772877799999999837e+01 -1.493447219999999902e+02 -1.775622200000000106e+01
-1.493447219999999902e+02 -1.775622200000000106e+01 -1.494538609999999892e+02 -1.777961099999999917e+01
-1.494538609999999892e+02 -1.777961099999999917e+01 -1.495771670000000029e+02 -1.774294400000000138e+01
-1.495771670000000029e+02 -1.774294400000000138e+01 -1.496167780000000107e+02 -1.763336100000000073e+01
-1.496167780000000107e+02 -1.763336100000000073e+01 -1.496218330000000094e+02 -1.757502799999999965e+01
-1.514929720000000088e+02 -1.677002799999999993e+01 -1.514895830000000103e+02 -1.676669400000000110e+01
-1.514895830000000103e+02 -1.676669400000000110e+01 -1.514821389999999894e+02 -1.673169400000000095e+01
-1.514821389999999894e+02 -1.673169400000000095e+01 -1.514467219999999941e+02 -1.672458299999999909e+01
-1.514467219999999941e+02 -1.672458299999999909e+01 -1.514221110000000010e+02 -1.677666699999999977e+01
-1.514221110000000010e+02 -1.677666699999999977e+01 -1.513970830000000092e+02 -1.679588899999999896e+01
-1.513970830000000092e+02 -1.679588899999999896e+01 -1.514196389999999894e+02 -1.682172200000000117e+01
-1.514196389999999894e+02 -1.682172200000000117e+01 -1.513933609999999987e+02 -1.680630599999999930e+01
-1.513933609999999987e+02 -1.680630599999999930e+01 -1.513883610000000033e+02 -1.682880600000000015e+01
-1.513883610000000033e+02 -1.682880600000000015e+01 -1.513554440000000056e+02 -1.683583300000000094e+01
-1.513554440000000056e+02 -1.683583300000000094e+01 -1.513696390000000065e+02 -1.684588899999999967e+01
-1.513696390000000065e+02 -1.684588899999999967e+01 -1.513517219999999952e+02 -1.684544400000000053e+01
-1.513517219999999952e+02 -1.684544400000000053e+01 -1.513529440000000079e+02 -1.686169399999999996e+01
-1.513529440000000079e+02 -1.686169399999999996e+01 -1.513933330000000126e+02 -1.689208299999999952e+01
-1.513933330000000126e+02 -1.689208299999999952e+01 -1.514142219999999952e+02 -1.689547200000000160e+01
-1.514142219999999952e+02 -1.689547200000000160e+01 -1.514242500000000007e+02 -1.687711099999999931e+01
-1.514242500000000007e+02 -1.687711099999999931e+01 -1.514304720000000088e+02 -1.690752799999999922e+01
-1.514304720000000088e+02 -1.690752799999999922e+01 -1.514566670000000101e+02 -1.691713899999999882e+01
-1.514566670000000101e+02 -1.691713899999999882e+01 -1.514687500000000000e+02 -1.690586100000000158e+01
-1.514687500000000000e+02 -1.690586100000000158e+01 -1.514563060000000121e+02 -1.688919399999999982e+01
-1.514563060000000121e+02 -1.688919399999999982e+01 -1.514629720000000077e+02 -1.686002799999999979e+01
-1.514629720000000077e+02 -1.686002799999999979e+01 -1.514813330000000065e+02 -1.685833299999999824e+01
-1.514813330000000065e+02 -1.685833299999999824e+01 -1.514762780000000078e+02 -1.681669399999999825e+01
-1.514762780000000078e+02 -1.681669399999999825e+01 -1.514929720000000088e+02 -1.677002799999999993e+01
-1.499151109999999960e+02 -1.751169399999999854e+01 -1.499134999999999991e+02 -1.749419400000000024e+01
-1.499134999999999991e+02 -1.749419400000000024e+01 -1.498938330000000008e+02 -1.748880600000000030e+01
-1.498938330000000008e+02 -1.748880600000000030e+01 -1.498689170000000104e+02 -1.749127800000000121e+01
-1.498689170000000104e+02 -1.749127800000000121e+01 -1.498514169999999979e+02 -1.751711099999999988e+01
-1.498514169999999979e+02 -1.751711099999999988e+01 -1.498438610000000040e+02 -1.748377800000000093e+01
-1.498438610000000040e+02 -1.748377800000000093e+01 -1.498251390000000072e+02 -1.748588900000000024e+01
-1.498251390000000072e+02 -1.748588900000000024e+01 -1.498197220000000129e+02 -1.750877799999999951e+01
-1.498197220000000129e+02 -1.750877799999999951e+01 -1.498163610000000006e+02 -1.748291700000000048e+01
-1.498163610000000006e+02 -1.748291700000000048e+01 -1.497763889999999947e+02 -1.747211100000000172e+01
-1.497763889999999947e+02 -1.747211100000000172e+01 -1.497535279999999887e+02 -1.749336100000000016e+01
-1.497535279999999887e+02 -1.749336100000000016e+01 -1.497809440000000052e+02 -1.752005600000000030e+01
-1.497809440000000052e+02 -1.752005600000000030e+01 -1.497742780000000096e+02 -1.754002799999999951e+01
-1.497742780000000096e+02 -1.754002799999999951e+01 -1.498096940000000075e+02 -1.759377800000000036e+01
-1.498096940000000075e+02 -1.759377800000000036e+01 -1.498521939999999972e+02 -1.758711100000000016e+01
-1.498521939999999972e+02 -1.758711100000000016e+01 -1.499151109999999960e+02 -1.751169399999999854e+01
-1.515513060000000110e+02 -1.662416699999999992e+01 -1.515513060000000110e+02 -1.662086100000000144e+01
-1.515513060000000110e+02 -1.662086100000000144e+01 -1.515150830000000042e+02 -1.657708299999999824e+01
-1.515150830000000042e+02 -1.657708299999999824e+01 -1.514808610000000044e+02 -1.659211099999999917e+01
-1.514808610000000044e+02 -1.659211099999999917e+01 -1.514767219999999952e+02 -1.658208300000000079e+01
-1.514767219999999952e+02 -1.658208300000000079e+01 -1.514337500000000034e+02 -1.661586099999999888e+01
-1.514337500000000034e+02 -1.661586099999999888e+01 -1.514366669999999999e+02 -1.663125000000000142e+01
-1.514366669999999999e+02 -1.663125000000000142e+01 -1.514604720000000100e+02 -1.662833300000000136e+01
-1.514604720000000100e+02 -1.662833300000000136e+01 -1.514429719999999975e+02 -1.663583300000000165e+01
-1.514429719999999975e+02 -1.663583300000000165e+01 -1.514492219999999918e+02 -1.664713899999999924e+01
-1.514492219999999918e+02 -1.664713899999999924e+01 -1.514912779999999941e+02 -1.663752799999999965e+01
-1.514912779999999941e+02 -1.663752799999999965e+01 -1.514445560000000057e+02 -1.666166700000000134e+01
-1.514445560000000057e+02 -1.666166700000000134e+01 -1.514816940000000045e+02 -1.668708300000000122e+01
-1.514816940000000045e+02 -1.668708300000000122e+01 -1.514892220000000123e+02 -1.665713900000000081e+01
-1.514892220000000123e+02 -1.665713900000000081e+01 -1.514988329999999905e+02 -1.665422200000000075e+01
-1.514988329999999905e+02 -1.665422200000000075e+01 -1.514983890000000031e+02 -1.667877800000000121e+01
-1.514983890000000031e+02 -1.667877800000000121e+01 -1.515287500000000023e+02 -1.665500000000000114e+01
-1.515287500000000023e+02 -1.665500000000000114e+01 -1.515112780000000043e+02 -1.664249999999999829e+01
-1.515112780000000043e+02 -1.664249999999999829e+01 -1.515424999999999898e+02 -1.664547200000000160e+01
-1.515424999999999898e+02 -1.664547200000000160e+01 -1.515513060000000110e+02 -1.662416699999999992e+01
-1.463979999999999961e+02 -1.615083299999999866e+01 -1.463979999999999961e+02 -1.614836100000000130e+01
-1.463979999999999961e+02 -1.614836100000000130e+01 -1.463525559999999928e+02 -1.611461100000000002e+01
-1.463525559999999928e+02 -1.611461100000000002e+01 -1.463196670000000097e+02 -1.613919399999999982e+01
-1.463196670000000097e+02 -1.613919399999999982e+01 -1.463079439999999920e+02 -1.616916700000000162e+01
-1.463079439999999920e+02 -1.616916700000000162e+01 -1.463224999999999909e+02 -1.618294399999999911e+01
-1.463224999999999909e+02 -1.618294399999999911e+01 -1.463708890000000054e+02 -1.618630599999999831e+01
-1.463708890000000054e+02 -1.618630599999999831e+01 -1.463979999999999961e+02 -1.615083299999999866e+01
-1.510000000000000000e+02 -1.668558300000000116e+01 -1.509959169999999915e+02 -1.668544400000000039e+01
-1.509959169999999915e+02 -1.668544400000000039e+01 -1.509787499999999909e+02 -1.670088900000000010e+01
-1.509787499999999909e+02 -1.670088900000000010e+01 -1.509896109999999965e+02 -1.673169400000000095e+01
-1.509896109999999965e+02 -1.673169400000000095e+01 -1.509738059999999962e+02 -1.674580600000000175e+01
-1.509738059999999962e+02 -1.674580600000000175e+01 -1.510125830000000065e+02 -1.675127799999999922e+01
-1.510125830000000065e+02 -1.675127799999999922e+01 -1.510083329999999933e+02 -1.676794399999999996e+01
-1.510083329999999933e+02 -1.676794399999999996e+01 -1.510250000000000057e+02 -1.675794399999999840e+01
-1.510250000000000057e+02 -1.675794399999999840e+01 -1.510383329999999944e+02 -1.677458299999999980e+01
-1.510383329999999944e+02 -1.677458299999999980e+01 -1.510454169999999863e+02 -1.674166699999999963e+01
-1.510454169999999863e+02 -1.674166699999999963e+01 -1.510296390000000031e+02 -1.673916699999999835e+01
-1.510296390000000031e+02 -1.673916699999999835e+01 -1.510287500000000023e+02 -1.672252800000000050e+01
-1.510287500000000023e+02 -1.672252800000000050e+01 -1.510404440000000079e+02 -1.670586099999999874e+01
-1.510404440000000079e+02 -1.670586099999999874e+01 -1.510283890000000042e+02 -1.668877799999999922e+01
-1.510283890000000042e+02 -1.668877799999999922e+01 -1.510000000000000000e+02 -1.668558300000000116e+01
-1.510000000000000000e+02 -1.676624999999999943e+01 -1.509983890000000031e+02 -1.676624999999999943e+01
-1.509983890000000031e+02 -1.676624999999999943e+01 -1.509741390000000081e+02 -1.675213899999999967e+01
-1.509741390000000081e+02 -1.675213899999999967e+01 -1.509555000000000007e+02 -1.677419400000000138e+01
-1.509555000000000007e+02 -1.677419400000000138e+01 -1.509824999999999875e+02 -1.682294399999999968e+01
-1.509824999999999875e+02 -1.682294399999999968e+01 -1.510096670000000074e+02 -1.679749999999999943e+01
-1.510096670000000074e+02 -1.679749999999999943e+01 -1.510000000000000000e+02 -1.678713899999999981e+01
-1.510000000000000000e+02 -1.678713899999999981e+01 -1.510141940000000034e+02 -1.679461099999999973e+01
-1.510141940000000034e+02 -1.679461099999999973e+01 -1.510262500000000045e+02 -1.678083300000000122e+01
-1.510262500000000045e+02 -1.678083300000000122e+01 -1.510000000000000000e+02 -1.676624999999999943e+01
-1.482870829999999955e+02 -1.584916699999999956e+01 -1.482871110000000101e+02 -1.584166699999999928e+01
-1.482871110000000101e+02 -1.584166699999999928e+01 -1.482666940000000011e+02 -1.580124999999999957e+01
-1.482666940000000011e+02 -1.580124999999999957e+01 -1.482229440000000125e+02 -1.585086100000000009e+01
-1.482229440000000125e+02 -1.585086100000000009e+01 -1.482558610000000101e+02 -1.586961100000000080e+01
-1.482558610000000101e+02 -1.586961100000000080e+01 -1.482870829999999955e+02 -1.584916699999999956e+01
-1.517629719999999907e+02 -1.647419400000000067e+01 -1.517629440000000045e+02 -1.647252800000000050e+01
-1.517629440000000045e+02 -1.647252800000000050e+01 -1.517433890000000076e+02 -1.646294400000000024e+01
-1.517433890000000076e+02 -1.646294400000000024e+01 -1.517121669999999938e+02 -1.649169399999999897e+01
-1.517121669999999938e+02 -1.649169399999999897e+01 -1.517246110000000101e+02 -1.649249999999999972e+01
-1.517246110000000101e+02 -1.649249999999999972e+01 -1.517171390000000031e+02 -1.652833299999999994e+01
-1.517171390000000031e+02 -1.652833299999999994e+01 -1.517316940000000045e+02 -1.654541700000000048e+01
-1.517316940000000045e+02 -1.654541700000000048e+01 -1.517462500000000034e+02 -1.653252799999999922e+01
-1.517462500000000034e+02 -1.653252799999999922e+01 -1.517304440000000056e+02 -1.651836099999999874e+01
-1.517304440000000056e+02 -1.651836099999999874e+01 -1.517604440000000068e+02 -1.649669400000000152e+01
-1.517604440000000068e+02 -1.649669400000000152e+01 -1.517420559999999909e+02 -1.648750000000000071e+01
-1.517420559999999909e+02 -1.648750000000000071e+01 -1.517629719999999907e+02 -1.647419400000000067e+01
-1.487059169999999995e+02 -1.485422200000000004e+01 -1.487004440000000045e+02 -1.485247200000000056e+01
-1.487004440000000045e+02 -1.485247200000000056e+01 -1.486348329999999862e+02 -1.486769400000000019e+01
-1.486348329999999862e+02 -1.486769400000000019e+01 -1.486274170000000083e+02 -1.489288900000000027e+01
-1.486274170000000083e+02 -1.489288900000000027e+01 -1.486463060000000098e+02 -1.489822200000000052e+01
-1.486463060000000098e+02 -1.489822200000000052e+01 -1.486311389999999903e+02 -1.488436100000000017e+01
-1.486311389999999903e+02 -1.488436100000000017e+01 -1.486447780000000023e+02 -1.486833299999999980e+01
-1.486447780000000023e+02 -1.486833299999999980e+01 -1.487059169999999995e+02 -1.485422200000000004e+01
-1.459063329999999894e+02 -1.433547199999999933e+01 -1.458926940000000059e+02 -1.432925000000000004e+01
-1.458926940000000059e+02 -1.432925000000000004e+01 -1.458504169999999931e+02 -1.433647200000000055e+01
-1.458504169999999931e+02 -1.433647200000000055e+01 -1.458404720000000054e+02 -1.436947200000000002e+01
-1.458404720000000054e+02 -1.436947200000000002e+01 -1.458606939999999952e+02 -1.433649999999999913e+01
-1.458606939999999952e+02 -1.433649999999999913e+01 -1.459251940000000047e+02 -1.435197199999999995e+01
-1.459251940000000047e+02 -1.435197199999999995e+01 -1.459063329999999894e+02 -1.433547199999999933e+01
-1.518421390000000031e+02 -1.624422200000000061e+01 -1.518421390000000031e+02 -1.623836100000000116e+01
-1.518421390000000031e+02 -1.623836100000000116e+01 -1.518224999999999909e+02 -1.622625000000000028e+01
-1.518224999999999909e+02 -1.622625000000000028e+01 -1.517854169999999954e+02 -1.625083300000000008e+01
-1.517854169999999954e+02 -1.625083300000000008e+01 -1.518275559999999871e+02 -1.623127799999999965e+01
-1.518275559999999871e+02 -1.623127799999999965e+01 -1.518350279999999941e+02 -1.626127800000000079e+01
-1.518350279999999941e+02 -1.626127800000000079e+01 -1.518421390000000031e+02 -1.624422200000000061e+01
-1.475371110000000101e+02 -1.506919399999999953e+01 -1.475371110000000101e+02 -1.506586099999999995e+01
-1.475371110000000101e+02 -1.506586099999999995e+01 -1.474354170000000011e+02 -1.514255600000000079e+01
-1.474354170000000011e+02 -1.514255600000000079e+01 -1.475371110000000101e+02 -1.506919399999999953e+01
-1.462270829999999933e+02 -1.533002800000000043e+01 -1.462270829999999933e+02 -1.532916699999999999e+01
-1.462270829999999933e+02 -1.532916699999999999e+01 -1.461896110000000135e+02 -1.533666700000000027e+01
-1.461896110000000135e+02 -1.533666700000000027e+01 -1.462058330000000126e+02 -1.539711100000000066e+01
-1.462058330000000126e+02 -1.539711100000000066e+01 -1.461971389999999928e+02 -1.534249999999999936e+01
-1.461971389999999928e+02 -1.534249999999999936e+01 -1.462270829999999933e+02 -1.533002800000000043e+01
-1.522954169999999863e+02 -1.645583299999999838e+01 -1.522954169999999863e+02 -1.644919399999999854e+01
-1.522954169999999863e+02 -1.644919399999999854e+01 -1.522892219999999952e+02 -1.642547199999999918e+01
-1.522892219999999952e+02 -1.642547199999999918e+01 -1.522637499999999875e+02 -1.642249999999999943e+01
-1.522637499999999875e+02 -1.642249999999999943e+01 -1.522854719999999986e+02 -1.643163900000000055e+01
-1.522854719999999986e+02 -1.643163900000000055e+01 -1.522804169999999999e+02 -1.645833299999999966e+01
-1.522804169999999999e+02 -1.645833299999999966e+01 -1.522954169999999863e+02 -1.645583299999999838e+01
-1.481096110000000010e+02 -1.490549999999999997e+01 -1.481017500000000098e+02 -1.490938899999999911e+01
-1.481017500000000098e+02 -1.490938899999999911e+01 -1.480436939999999879e+02 -1.495955599999999919e+01
-1.480436939999999879e+02 -1.495955599999999919e+01 -1.481277220000000057e+02 -1.490450000000000053e+01
-1.481277220000000057e+02 -1.490450000000000053e+01 -1.481096110000000010e+02 -1.490549999999999997e+01
-1.458676389999999969e+02 -1.440547199999999961e+01 -1.458718059999999923e+02 -1.440936100000000053e+01
-1.458718059999999923e+02 -1.440936100000000053e+01 -1.458965560000000039e+02 -1.441836100000000087e+01
-1.458965560000000039e+02 -1.441836100000000087e+01 -1.458460279999999898e+02 -1.437536099999999983e+01
-1.458460279999999898e+02 -1.437536099999999983e+01 -1.458676389999999969e+02 -1.440547199999999961e+01
-1.462559720000000141e+02 -1.443125000000000036e+01 -1.462350830000000030e+02 -1.442852800000000002e+01
-1.462350830000000030e+02 -1.442852800000000002e+01 -1.462268610000000137e+02 -1.445777799999999935e+01
-1.462268610000000137e+02 -1.445777799999999935e+01 -1.462347780000000057e+02 -1.443622200000000078e+01
-1.462347780000000057e+02 -1.443622200000000078e+01 -1.462559720000000141e+02 -1.443125000000000036e+01
-1.459300829999999962e+02 -1.444527800000000006e+01 -1.459394440000000088e+02 -1.444944399999999973e+01
-1.459394440000000088e+02 -1.444944399999999973e+01 -1.459738059999999962e+02 -1.444919400000000032e+01
-1.459738059999999962e+02 -1.444919400000000032e+01 -1.459131940000000043e+02 -1.442825000000000024e+01
-1.459131940000000043e+02 -1.442825000000000024e+01 -1.459300829999999962e+02 -1.444527800000000006e+01
-1.522754720000000077e+02 -1.644830599999999876e+01 -1.522750279999999918e+02 -1.644791700000000034e+01
-1.522750279999999918e+02 -1.644791700000000034e+01 -1.522600280000000055e+02 -1.643547200000000075e+01
-1.522600280000000055e+02 -1.643547200000000075e+01 -1.522463610000000074e+02 -1.644333299999999909e+01
-1.522463610000000074e+02 -1.644333299999999909e+01 -1.522508890000000008e+02 -1.645627800000000107e+01
-1.522508890000000008e+02 -1.645627800000000107e+01 -1.522754720000000077e+02 -1.644830599999999876e+01
-1.459596390000000099e+02 -1.584333299999999944e+01 -1.459595830000000092e+02 -1.584166699999999928e+01
-1.459595830000000092e+02 -1.584166699999999928e+01 -1.459133610000000090e+02 -1.586963899999999938e+01
-1.459133610000000090e+02 -1.586963899999999938e+01 -1.459008330000000058e+02 -1.589544399999999946e+01
-1.459008330000000058e+02 -1.589544399999999946e+01 -1.459596390000000099e+02 -1.584333299999999944e+01
-1.518304440000000000e+02 -1.628255599999999959e+01 -1.518303889999999967e+02 -1.627916700000000105e+01
-1.518303889999999967e+02 -1.627916700000000105e+01 -1.518258889999999894e+02 -1.626041700000000034e+01
-1.518258889999999894e+02 -1.626041700000000034e+01 -1.518167779999999993e+02 -1.628877800000000065e+01
-1.518167779999999993e+02 -1.628877800000000065e+01 -1.518096390000000042e+02 -1.626583300000000065e+01
-1.518096390000000042e+02 -1.626583300000000065e+01 -1.518141669999999976e+02 -1.629794400000000110e+01
-1.518141669999999976e+02 -1.629794400000000110e+01 -1.518304440000000000e+02 -1.628255599999999959e+01
-1.487157780000000002e+02 -1.486394400000000005e+01 -1.487135560000000112e+02 -1.486219400000000057e+01
-1.487135560000000112e+02 -1.486219400000000057e+01 -1.486999720000000025e+02 -1.489752799999999944e+01
-1.486999720000000025e+02 -1.489752799999999944e+01 -1.487166939999999897e+02 -1.488869399999999921e+01
-1.487166939999999897e+02 -1.488869399999999921e+01 -1.487157780000000002e+02 -1.486394400000000005e+01
-1.506362780000000043e+02 -1.764252799999999866e+01 -1.506362499999999898e+02 -1.764000000000000057e+01
-1.506362499999999898e+02 -1.764000000000000057e+01 -1.506096110000000010e+02 -1.765752799999999922e+01
-1.506096110000000010e+02 -1.765752799999999922e+01 -1.506216939999999909e+02 -1.768044400000000138e+01
-1.506216939999999909e+02 -1.768044400000000138e+01 -1.506329719999999952e+02 -1.767002799999999851e+01
-1.506329719999999952e+02 -1.767002799999999851e+01 -1.506233890000000031e+02 -1.767627799999999993e+01
-1.506233890000000031e+02 -1.767627799999999993e+01 -1.506138060000000110e+02 -1.765833299999999895e+01
-1.506138060000000110e+02 -1.765833299999999895e+01 -1.506362780000000043e+02 -1.764252799999999866e+01
-1.463788059999999973e+02 -1.530255599999999916e+01 -1.463788059999999973e+02 -1.530169399999999946e+01
-1.463788059999999973e+02 -1.530169399999999946e+01 -1.463163059999999973e+02 -1.531419400000000053e+01
-1.463163059999999973e+02 -1.531419400000000053e+01 -1.463483610000000112e+02 -1.531955600000000040e+01
-1.463483610000000112e+02 -1.531955600000000040e+01 -1.463788059999999973e+02 -1.530255599999999916e+01
-1.506496669999999938e+02 -1.766586099999999959e+01 -1.506496669999999938e+02 -1.766166700000000134e+01
-1.506496669999999938e+02 -1.766166700000000134e+01 -1.506425560000000132e+02 -1.764541699999999835e+01
-1.506425560000000132e+02 -1.764541699999999835e+01 -1.506383889999999894e+02 -1.765791700000000120e+01
-1.506383889999999894e+02 -1.765791700000000120e+01 -1.506237779999999873e+02 -1.765338900000000066e+01
-1.506237779999999873e+02 -1.765338900000000066e+01 -1.506496669999999938e+02 -1.766586099999999959e+01
-1.465104719999999929e+02 -1.579083299999999923e+01 -1.465104719999999929e+02 -1.578749999999999964e+01
-1.465104719999999929e+02 -1.578749999999999964e+01 -1.464863060000000132e+02 -1.581419400000000053e+01
-1.464863060000000132e+02 -1.581419400000000053e+01 -1.464875560000000121e+02 -1.583544400000000074e+01
-1.464875560000000121e+02 -1.583544400000000074e+01 -1.465104719999999929e+02 -1.579083299999999923e+01
-1.462220829999999978e+02 -1.544586100000000073e+01 -1.462221110000000124e+02 -1.544086099999999995e+01
-1.462221110000000124e+02 -1.544086099999999995e+01 -1.462075560000000110e+02 -1.540038900000000055e+01
-1.462075560000000110e+02 -1.540038900000000055e+01 -1.462220829999999978e+02 -1.544586100000000073e+01
-1.462362779999999987e+02 -1.554086099999999959e+01 -1.462363060000000132e+02 -1.553666699999999956e+01
-1.462363060000000132e+02 -1.553666699999999956e+01 -1.462267219999999952e+02 -1.549708299999999994e+01
-1.462267219999999952e+02 -1.549708299999999994e+01 -1.462238059999999962e+02 -1.553083299999999944e+01
-1.462238059999999962e+02 -1.553083299999999944e+01 -1.462362779999999987e+02 -1.554086099999999959e+01
-1.477474719999999877e+02 -1.493008299999999977e+01 -1.477365000000000066e+02 -1.493130599999999930e+01
-1.477365000000000066e+02 -1.493130599999999930e+01 -1.477169719999999984e+02 -1.494188899999999975e+01
-1.477169719999999984e+02 -1.494188899999999975e+01 -1.477671389999999860e+02 -1.493613900000000072e+01
-1.477671389999999860e+02 -1.493613900000000072e+01 -1.477474719999999877e+02 -1.493008299999999977e+01
-1.468904440000000022e+02 -1.567252799999999979e+01 -1.468904440000000022e+02 -1.567086100000000037e+01
-1.468904440000000022e+02 -1.567086100000000037e+01 -1.468679720000000088e+02 -1.565333299999999994e+01
-1.468679720000000088e+02 -1.565333299999999994e+01 -1.468800830000000133e+02 -1.567877799999999944e+01
-1.468800830000000133e+02 -1.567877799999999944e+01 -1.468904440000000022e+02 -1.567252799999999979e+01
-1.477863059999999962e+02 -1.521250000000000036e+01 -1.477863059999999962e+02 -1.521169399999999960e+01
-1.477863059999999962e+02 -1.521169399999999960e+01 -1.477363060000000132e+02 -1.523752799999999930e+01
-1.477363060000000132e+02 -1.523752799999999930e+01 -1.477863059999999962e+02 -1.521250000000000036e+01
-1.460075280000000078e+02 -1.580794400000000088e+01 -1.460000000000000000e+02 -1.581544399999999939e+01
-1.460000000000000000e+02 -1.581544399999999939e+01 -1.459950000000000045e+02 -1.582541699999999985e+01
-1.459950000000000045e+02 -1.582541699999999985e+01 -1.460330280000000016e+02 -1.580250000000000021e+01
-1.460330280000000016e+02 -1.580250000000000021e+01 -1.460075280000000078e+02 -1.580794400000000088e+01
-1.466413059999999859e+02 -1.523502799999999979e+01 -1.466400559999999871e+02 -1.523377799999999915e+01
-1.466400559999999871e+02 -1.523377799999999915e+01 -1.466179720000000088e+02 -1.524338900000000052e+01
-1.466179720000000088e+02 -1.524338900000000052e+01 -1.466025280000000066e+02 -1.527624999999999922e+01
-1.466025280000000066e+02 -1.527624999999999922e+01 -1.466413059999999859e+02 -1.523502799999999979e+01
-1.517870829999999955e+02 -1.647169399999999939e+01 -1.517870829999999955e+02 -1.647083299999999895e+01
-1.517870829999999955e+02 -1.647083299999999895e+01 -1.517750000000000057e+02 -1.646130600000000044e+01
-1.517750000000000057e+02 -1.646130600000000044e+01 -1.517687779999999975e+02 -1.647166700000000006e+01
-1.517687779999999975e+02 -1.647166700000000006e+01 -1.517870829999999955e+02 -1.647169399999999939e+01
-1.522571110000000090e+02 -1.642000000000000171e+01 -1.522571670000000097e+02 -1.641755600000000115e+01
-1.522571670000000097e+02 -1.641755600000000115e+01 -1.522338059999999871e+02 -1.643002800000000008e+01
-1.522338059999999871e+02 -1.643002800000000008e+01 -1.522333610000000022e+02 -1.644880600000000115e+01
-1.522333610000000022e+02 -1.644880600000000115e+01 -1.522571110000000090e+02 -1.642000000000000171e+01
-1.517046109999999999e+02 -1.654336100000000087e+01 -1.517046109999999999e+02 -1.654255600000000115e+01
-1.517046109999999999e+02 -1.654255600000000115e+01 -1.516983329999999910e+02 -1.649791700000000105e+01
-1.516983329999999910e+02 -1.649791700000000105e+01 -1.516920829999999967e+02 -1.654172200000000004e+01
-1.516920829999999967e+02 -1.654172200000000004e+01 -1.517046109999999999e+02 -1.654336100000000087e+01
-1.463028060000000039e+02 -1.443713900000000017e+01 -1.463192500000000109e+02 -1.443825000000000003e+01
-1.463192500000000109e+02 -1.443825000000000003e+01 -1.462800829999999905e+02 -1.442983300000000035e+01
-1.462800829999999905e+02 -1.442983300000000035e+01 -1.463028060000000039e+02 -1.443713900000000017e+01
-1.477013609999999915e+02 -1.493647200000000019e+01 -1.476908610000000124e+02 -1.494074999999999953e+01
-1.476908610000000124e+02 -1.494074999999999953e+01 -1.477109719999999982e+02 -1.494355599999999917e+01
-1.477109719999999982e+02 -1.494355599999999917e+01 -1.477013609999999915e+02 -1.493647200000000019e+01
-1.480756000000000085e+02 -1.787182100000000062e+01 -1.480607569999999953e+02 -1.787057100000000176e+01
-1.480607569999999953e+02 -1.787057100000000176e+01 -1.480630529999999965e+02 -1.788319399999999959e+01
-1.480630529999999965e+02 -1.788319399999999959e+01 -1.480756000000000085e+02 -1.787182100000000062e+01
-1.473813059999999950e+02 -1.519002799999999986e+01 -1.473808329999999955e+02 -1.518961099999999931e+01
-1.473808329999999955e+02 -1.518961099999999931e+01 -1.473496110000000101e+02 -1.521583299999999994e+01
-1.473496110000000101e+02 -1.521583299999999994e+01 -1.473813059999999950e+02 -1.519002799999999986e+01
-1.482496390000000019e+02 -1.511419399999999946e+01 -1.482483890000000031e+02 -1.511291699999999949e+01
-1.482483890000000031e+02 -1.511291699999999949e+01 -1.482246110000000101e+02 -1.512838900000000031e+01
-1.482246110000000101e+02 -1.512838900000000031e+01 -1.482496390000000019e+02 -1.511419399999999946e+01
-1.460808059999999955e+02 -1.444400000000000084e+01 -1.460788609999999892e+02 -1.443549999999999933e+01
-1.460788609999999892e+02 -1.443549999999999933e+01 -1.460721939999999961e+02 -1.445475000000000065e+01
-1.460721939999999961e+02 -1.445475000000000065e+01 -1.460808059999999955e+02 -1.444400000000000084e+01
-1.486722780000000057e+02 -1.489583299999999966e+01 -1.486638059999999939e+02 -1.489658299999999969e+01
-1.486638059999999939e+02 -1.489658299999999969e+01 -1.486803329999999903e+02 -1.490369399999999978e+01
-1.486803329999999903e+02 -1.490369399999999978e+01 -1.486722780000000057e+02 -1.489583299999999966e+01
-1.517146390000000054e+02 -1.646666700000000105e+01 -1.517146390000000054e+02 -1.646499999999999986e+01
-1.517146390000000054e+02 -1.646499999999999986e+01 -1.516896110000000135e+02 -1.648086100000000087e+01
-1.516896110000000135e+02 -1.648086100000000087e+01 -1.516958329999999933e+02 -1.649627800000000022e+01
-1.516958329999999933e+02 -1.649627800000000022e+01 -1.516930000000000121e+02 -1.648169400000000095e+01
-1.516930000000000121e+02 -1.648169400000000095e+01 -1.517146390000000054e+02 -1.646666700000000105e+01
-1.517713060000000098e+02 -1.652172200000000046e+01 -1.517712779999999952e+02 -1.651919399999999882e+01
-1.517712779999999952e+02 -1.651919399999999882e+01 -1.517641940000000034e+02 -1.650708300000000150e+01
-1.517641940000000034e+02 -1.650708300000000150e+01 -1.517604440000000068e+02 -1.652836100000000030e+01
-1.517604440000000068e+02 -1.652836100000000030e+01 -1.517713060000000098e+02 -1.652172200000000046e+01
-1.458945830000000115e+02 -1.591999999999999993e+01 -1.458946109999999976e+02 -1.591586099999999959e+01
-1.458946109999999976e+02 -1.591586099999999959e+01 -1.458825280000000078e+02 -1.594213899999999917e+01
-1.458825280000000078e+02 -1.594213899999999917e+01 -1.458945830000000115e+02 -1.591999999999999993e+01
-1.480378330000000062e+02 -1.497680599999999984e+01 -1.480369169999999883e+02 -1.498444399999999987e+01
-1.480369169999999883e+02 -1.498444399999999987e+01 -1.480442500000000052e+02 -1.499341700000000088e+01
-1.480442500000000052e+02 -1.499341700000000088e+01 -1.480415560000000141e+02 -1.496374999999999922e+01
-1.480415560000000141e+02 -1.496374999999999922e+01 -1.480378330000000062e+02 -1.497680599999999984e+01
-1.468154169999999965e+02 -1.519999999999999929e+01 -1.468154440000000136e+02 -1.519752800000000015e+01
-1.468154440000000136e+02 -1.519752800000000015e+01 -1.467946389999999894e+02 -1.519916699999999921e+01
-1.467946389999999894e+02 -1.519916699999999921e+01 -1.468154169999999965e+02 -1.519999999999999929e+01
-1.458779169999999965e+02 -1.594916699999999921e+01 -1.458779440000000136e+02 -1.594663899999999934e+01
-1.458779440000000136e+02 -1.594663899999999934e+01 -1.458675279999999930e+02 -1.596374999999999922e+01
-1.458675279999999930e+02 -1.596374999999999922e+01 -1.458779169999999965e+02 -1.594916699999999921e+01
-1.460000000000000000e+02 -1.439561100000000060e+01 -1.460090830000000039e+02 -1.439205600000000018e+01
-1.460090830000000039e+02 -1.439205600000000018e+01 -1.459886669999999924e+02 -1.438788899999999948e+01
-1.459886669999999924e+02 -1.438788899999999948e+01 -1.460000000000000000e+02 -1.439561100000000060e+01
-1.472637780000000021e+02 -1.523669399999999996e+01 -1.472637780000000021e+02 -1.523583299999999952e+01
-1.472637780000000021e+02 -1.523583299999999952e+01 -1.472475000000000023e+02 -1.522625000000000028e+01
-1.472475000000000023e+02 -1.522625000000000028e+01 -1.472429439999999943e+02 -1.524249999999999972e+01
-1.472429439999999943e+02 -1.524249999999999972e+01 -1.472637780000000021e+02 -1.523669399999999996e+01
-1.463521939999999972e+02 -1.453599999999999959e+01 -1.463591110000000128e+02 -1.454027800000000070e+01
-1.463591110000000128e+02 -1.454027800000000070e+01 -1.463424440000000004e+02 -1.452547200000000061e+01
-1.463424440000000004e+02 -1.452547200000000061e+01 -1.463521939999999972e+02 -1.453599999999999959e+01
-1.463266390000000001e+02 -1.452691699999999919e+01 -1.463340560000000039e+02 -1.452802800000000083e+01
-1.463340560000000039e+02 -1.452802800000000083e+01 -1.463149439999999970e+02 -1.451966700000000010e+01
-1.463149439999999970e+02 -1.451966700000000010e+01 -1.463266390000000001e+02 -1.452691699999999919e+01
-1.509654720000000054e+02 -1.675583299999999909e+01 -1.509654720000000054e+02 -1.675502799999999937e+01
-1.509654720000000054e+02 -1.675502799999999937e+01 -1.509450280000000078e+02 -1.677627800000000136e+01
-1.509450280000000078e+02 -1.677627800000000136e+01 -1.509654720000000054e+02 -1.675583299999999909e+01
-1.474529170000000136e+02 -1.531169399999999925e+01 -1.474516669999999863e+02 -1.531044400000000039e+01
-1.474516669999999863e+02 -1.531044400000000039e+01 -1.474163059999999916e+02 -1.530919399999999975e+01
-1.474163059999999916e+02 -1.530919399999999975e+01 -1.474529170000000136e+02 -1.531169399999999925e+01
-1.476376669999999933e+02 -1.496277800000000013e+01 -1.476347220000000107e+02 -1.496497199999999950e+01
-1.476347220000000107e+02 -1.496497199999999950e+01 -1.476525829999999928e+02 -1.495997200000000049e+01
-1.476525829999999928e+02 -1.495997200000000049e+01 -1.476376669999999933e+02 -1.496277800000000013e+01
-1.462137500000000045e+02 -1.585252799999999951e+01 -1.462137500000000045e+02 -1.584999999999999964e+01
-1.462137500000000045e+02 -1.584999999999999964e+01 -1.461996670000000051e+02 -1.584169400000000039e+01
-1.461996670000000051e+02 -1.584169400000000039e+01 -1.462137500000000045e+02 -1.585252799999999951e+01
-1.463921670000000006e+02 -1.455925000000000047e+01 -1.463865279999999984e+02 -1.456086099999999917e+01
-1.463865279999999984e+02 -1.456086099999999917e+01 -1.464023610000000133e+02 -1.456130600000000008e+01
-1.464023610000000133e+02 -1.456130600000000008e+01 -1.463921670000000006e+02 -1.455925000000000047e+01
-1.475879720000000077e+02 -1.501419399999999982e+01 -1.475879720000000077e+02 -1.501252799999999965e+01
-1.475879720000000077e+02 -1.501252799999999965e+01 -1.475746389999999906e+02 -1.502669400000000088e+01
-1.475746389999999906e+02 -1.502669400000000088e+01 -1.475879720000000077e+02 -1.501419399999999982e+01
-1.477941390000000013e+02 -1.492705600000000032e+01 -1.478060560000000123e+02 -1.492275000000000063e+01
-1.478060560000000123e+02 -1.492275000000000063e+01 -1.477854440000000125e+02 -1.492913899999999927e+01
-1.477854440000000125e+02 -1.492913899999999927e+01 -1.477941390000000013e+02 -1.492705600000000032e+01
-1.515337780000000123e+02 -1.655919400000000152e+01 -1.515338059999999984e+02 -1.655752800000000136e+01
-1.515338059999999984e+02 -1.655752800000000136e+01 -1.515162500000000136e+02 -1.655999999999999872e+01
-1.515162500000000136e+02 -1.655999999999999872e+01 -1.515337780000000123e+02 -1.655919400000000152e+01
-1.480596390000000042e+02 -1.502002799999999993e+01 -1.480596390000000042e+02 -1.501836100000000052e+01
-1.480596390000000042e+02 -1.501836100000000052e+01 -1.480450280000000021e+02 -1.500294399999999939e+01
-1.480450280000000021e+02 -1.500294399999999939e+01 -1.480596390000000042e+02 -1.502002799999999993e+01
-1.491251110000000040e+02 -1.778000000000000114e+01 -1.491251389999999901e+02 -1.777752800000000022e+01
-1.491251389999999901e+02 -1.777752800000000022e+01 -1.491204999999999927e+02 -1.782297200000000004e+01
-1.491204999999999927e+02 -1.782297200000000004e+01 -1.491251110000000040e+02 -1.778000000000000114e+01
-1.495845830000000092e+02 -1.699749999999999872e+01 -1.495846390000000099e+02 -1.699249999999999972e+01
-1.495846390000000099e+02 -1.699249999999999972e+01 -1.495671110000000112e+02 -1.698752800000000107e+01
-1.495671110000000112e+02 -1.698752800000000107e+01 -1.495845830000000092e+02 -1.699749999999999872e+01
-1.463029999999999973e+02 -1.531419400000000053e+01 -1.463029999999999973e+02 -1.531333300000000008e+01
-1.463029999999999973e+02 -1.531333300000000008e+01 -1.462813329999999894e+02 -1.531833300000000087e+01
-1.462813329999999894e+02 -1.531833300000000087e+01 -1.463029999999999973e+02 -1.531419400000000053e+01
-1.517629440000000045e+02 -1.644338899999999981e+01 -1.517629440000000045e+02 -1.644166699999999892e+01
-1.517629440000000045e+02 -1.644166699999999892e+01 -1.517429720000000088e+02 -1.644836099999999846e+01
-1.517429720000000088e+02 -1.644836099999999846e+01 -1.517629440000000045e+02 -1.644338899999999981e+01
-1.478554169999999885e+02 -1.492872200000000049e+01 -1.478531389999999988e+02 -1.492408299999999954e+01
-1.478531389999999988e+02 -1.492408299999999954e+01 -1.478562499999999886e+02 -1.494238900000000037e+01
-1.478562499999999886e+02 -1.494238900000000037e+01 -1.478554169999999885e+02 -1.492872200000000049e+01
-1.462361390000000085e+02 -1.448277799999999971e+01 -1.462399169999999913e+02 -1.448497200000000085e+01
-1.462399169999999913e+02 -1.448497200000000085e+01 -1.462343060000000037e+02 -1.447216700000000067e+01
-1.462343060000000037e+02 -1.447216700000000067e+01 -1.462361390000000085e+02 -1.448277799999999971e+01
-1.476677500000000123e+02 -1.495219400000000043e+01 -1.476626669999999990e+02 -1.495369400000000049e+01
-1.476626669999999990e+02 -1.495369400000000049e+01 -1.476821669999999926e+02 -1.494880599999999937e+01
-1.476821669999999926e+02 -1.494880599999999937e+01 -1.476677500000000123e+02 -1.495219400000000043e+01
-1.478654999999999973e+02 -1.495669400000000060e+01 -1.478633330000000115e+02 -1.495244399999999985e+01
-1.478633330000000115e+02 -1.495244399999999985e+01 -1.478660830000000033e+02 -1.496913900000000019e+01
-1.478660830000000033e+02 -1.496913900000000019e+01 -1.478654999999999973e+02 -1.495669400000000060e+01
-1.462519440000000088e+02 -1.449799999999999933e+01 -1.462570829999999944e+02 -1.450158300000000011e+01
-1.462570829999999944e+02 -1.450158300000000011e+01 -1.462449719999999900e+02 -1.448855600000000088e+01
-1.462449719999999900e+02 -1.448855600000000088e+01 -1.462519440000000088e+02 -1.449799999999999933e+01
-1.463828330000000051e+02 -1.451886099999999935e+01 -1.463870829999999899e+02 -1.452422199999999997e+01
-1.463870829999999899e+02 -1.452422199999999997e+01 -1.463798060000000021e+02 -1.450783299999999976e+01
-1.463798060000000021e+02 -1.450783299999999976e+01 -1.463828330000000051e+02 -1.451886099999999935e+01
-1.473354720000000100e+02 -1.522833299999999923e+01 -1.473354720000000100e+02 -1.522752799999999951e+01
-1.473354720000000100e+02 -1.522752799999999951e+01 -1.473187780000000089e+02 -1.523752799999999930e+01
-1.473187780000000089e+02 -1.523752799999999930e+01 -1.473354720000000100e+02 -1.522833299999999923e+01
-1.481920829999999967e+02 -1.510916699999999935e+01 -1.481921110000000112e+02 -1.510836100000000037e+01
-1.481921110000000112e+02 -1.510836100000000037e+01 -1.481770830000000103e+02 -1.510252799999999951e+01
-1.481770830000000103e+02 -1.510252799999999951e+01 -1.481920829999999967e+02 -1.510916699999999935e+01
-1.460491389999999967e+02 -1.440983300000000078e+01 -1.460430829999999958e+02 -1.440802799999999984e+01
-1.460430829999999958e+02 -1.440802799999999984e+01 -1.460548330000000021e+02 -1.441724999999999923e+01
-1.460548330000000021e+02 -1.441724999999999923e+01 -1.460491389999999967e+02 -1.440983300000000078e+01
-1.479454719999999952e+02 -1.507750000000000057e+01 -1.479454719999999952e+02 -1.507336100000000023e+01
-1.479454719999999952e+02 -1.507336100000000023e+01 -1.479366939999999886e+02 -1.508541699999999963e+01
-1.479366939999999886e+02 -1.508541699999999963e+01 -1.479454719999999952e+02 -1.507750000000000057e+01
-1.464012779999999907e+02 -1.454355600000000059e+01 -1.463972219999999993e+02 -1.453941700000000026e+01
-1.463972219999999993e+02 -1.453941700000000026e+01 -1.464033890000000042e+02 -1.455475000000000030e+01
-1.464033890000000042e+02 -1.455475000000000030e+01 -1.464012779999999907e+02 -1.454355600000000059e+01
-1.464287779999999941e+02 -1.533166699999999949e+01 -1.464288060000000087e+02 -1.532919399999999932e+01
-1.464288060000000087e+02 -1.532919399999999932e+01 -1.464146670000000086e+02 -1.532002800000000065e+01
-1.464146670000000086e+02 -1.532002800000000065e+01 -1.464287779999999941e+02 -1.533166699999999949e+01
-1.517379999999999995e+02 -1.644999999999999929e+01 -1.517379999999999995e+02 -1.644833300000000165e+01
-1.517379999999999995e+02 -1.644833300000000165e+01 -1.517163329999999917e+02 -1.646422199999999947e+01
-1.517163329999999917e+02 -1.646422199999999947e+01 -1.517379999999999995e+02 -1.644999999999999929e+01
-1.467787500000000023e+02 -1.565750000000000064e+01 -1.467787779999999884e+02 -1.565586099999999981e+01
-1.467787779999999884e+02 -1.565586099999999981e+01 -1.467629440000000045e+02 -1.565836099999999931e+01
-1.467629440000000045e+02 -1.565836099999999931e+01 -1.467787500000000023e+02 -1.565750000000000064e+01
-1.509754719999999963e+02 -1.672752799999999951e+01 -1.509754719999999963e+02 -1.672586099999999831e+01
-1.509754719999999963e+02 -1.672586099999999831e+01 -1.509691939999999875e+02 -1.674211100000000130e+01
-1.509691939999999875e+02 -1.674211100000000130e+01 -1.509754719999999963e+02 -1.672752799999999951e+01
-1.478817500000000109e+02 -1.498408300000000004e+01 -1.478786389999999926e+02 -1.498122200000000070e+01
-1.478786389999999926e+02 -1.498122200000000070e+01 -1.478856110000000115e+02 -1.499255600000000044e+01
-1.478856110000000115e+02 -1.499255600000000044e+01 -1.478817500000000109e+02 -1.498408300000000004e+01
-1.481470830000000092e+02 -1.508505599999999980e+01 -1.481470830000000092e+02 -1.508419400000000010e+01
-1.481470830000000092e+02 -1.508419400000000010e+01 -1.481354440000000068e+02 -1.508252799999999993e+01
-1.481354440000000068e+02 -1.508252799999999993e+01 -1.481470830000000092e+02 -1.508505599999999980e+01
-1.481037499999999909e+02 -1.506752799999999937e+01 -1.481037499999999909e+02 -1.506413900000000083e+01
-1.481037499999999909e+02 -1.506413900000000083e+01 -1.480938329999999894e+02 -1.506252800000000036e+01
-1.480938329999999894e+02 -1.506252800000000036e+01 -1.481037499999999909e+02 -1.506752799999999937e+01
-1.492068060000000003e+02 -1.773838900000000152e+01 -1.492068060000000003e+02 -1.773666700000000063e+01
-1.492068060000000003e+02 -1.773666700000000063e+01 -1.491750830000000008e+02 -1.774916699999999992e+01
-1.491750830000000008e+02 -1.774916699999999992e+01 -1.492068060000000003e+02 -1.773838900000000152e+01
-1.493051670000000115e+02 -1.764255599999999902e+01 -1.493051670000000115e+02 -1.764169400000000110e+01
-1.493051670000000115e+02 -1.764169400000000110e+01 -1.492963890000000049e+02 -1.760794399999999982e+01
-1.492963890000000049e+02 -1.760794399999999982e+01 -1.493051670000000115e+02 -1.764255599999999902e+01
-1.474854440000000011e+02 -1.530749999999999922e+01 -1.474850559999999859e+02 -1.530711100000000080e+01
-1.474850559999999859e+02 -1.530711100000000080e+01 -1.474679439999999886e+02 -1.531000000000000050e+01
-1.474679439999999886e+02 -1.531000000000000050e+01 -1.474854440000000011e+02 -1.530749999999999922e+01
-1.478054720000000088e+02 -1.520669400000000060e+01 -1.478054720000000088e+02 -1.520583300000000015e+01
-1.478054720000000088e+02 -1.520583300000000015e+01 -1.477896670000000086e+02 -1.521002799999999944e+01
-1.477896670000000086e+02 -1.521002799999999944e+01 -1.478054720000000088e+02 -1.520669400000000060e+01
-1.468488059999999962e+02 -1.564333300000000015e+01 -1.468466669999999965e+02 -1.564127799999999979e+01
-1.468466669999999965e+02 -1.564127799999999979e+01 -1.468296109999999999e+02 -1.563752799999999965e+01
-1.468296109999999999e+02 -1.563752799999999965e+01 -1.468488059999999962e+02 -1.564333300000000015e+01
-1.459229440000000011e+02 -1.601252799999999965e+01 -1.459229440000000011e+02 -1.601086099999999846e+01
-1.459229440000000011e+02 -1.601086099999999846e+01 -1.459137780000000078e+02 -1.601666700000000176e+01
-1.459137780000000078e+02 -1.601666700000000176e+01 -1.459229440000000011e+02 -1.601252799999999965e+01
-1.522462500000000034e+02 -1.647088899999999967e+01 -1.522462779999999896e+02 -1.646916699999999878e+01
-1.522462779999999896e+02 -1.646916699999999878e+01 -1.522433890000000076e+02 -1.648213900000000010e+01
-1.522433890000000076e+02 -1.648213900000000010e+01 -1.522462500000000034e+02 -1.647088899999999967e+01
-1.491443060000000003e+02 -1.775833300000000037e+01 -1.491443060000000003e+02 -1.775747199999999992e+01
-1.491443060000000003e+02 -1.775747199999999992e+01 -1.491263610000000028e+02 -1.777625000000000099e+01
-1.491263610000000028e+02 -1.777625000000000099e+01 -1.491443060000000003e+02 -1.775833300000000037e+01
-1.472813329999999894e+02 -1.528752800000000001e+01 -1.472800000000000011e+02 -1.528627799999999937e+01
-1.472800000000000011e+02 -1.528627799999999937e+01 -1.472646389999999883e+02 -1.528416700000000006e+01
-1.472646389999999883e+02 -1.528416700000000006e+01 -1.472813329999999894e+02 -1.528752800000000001e+01
-1.495588329999999928e+02 -1.703000000000000114e+01 -1.495588329999999928e+02 -1.702833299999999994e+01
-1.495588329999999928e+02 -1.702833299999999994e+01 -1.495495830000000126e+02 -1.703583300000000023e+01
-1.495495830000000126e+02 -1.703583300000000023e+01 -1.495588329999999928e+02 -1.703000000000000114e+01
-1.459713059999999984e+02 -1.583833300000000044e+01 -1.459713059999999984e+02 -1.583752800000000072e+01
-1.459713059999999984e+02 -1.583752800000000072e+01 -1.459621669999999938e+02 -1.584336099999999981e+01
-1.459621669999999938e+02 -1.584336099999999981e+01 -1.459713059999999984e+02 -1.583833300000000044e+01
-1.495538329999999974e+02 -1.698916699999999835e+01 -1.495538060000000087e+02 -1.698830600000000146e+01
-1.495538060000000087e+02 -1.698830600000000146e+01 -1.495429440000000056e+02 -1.699586100000000144e+01
-1.495429440000000056e+02 -1.699586100000000144e+01 -1.495538329999999974e+02 -1.698916699999999835e+01
-1.467880000000000109e+02 -1.564586100000000002e+01 -1.467880000000000109e+02 -1.564499999999999957e+01
-1.467880000000000109e+02 -1.564499999999999957e+01 -1.467787779999999884e+02 -1.565333299999999994e+01
-1.467787779999999884e+02 -1.565333299999999994e+01 -1.467880000000000109e+02 -1.564586100000000002e+01
-1.476979440000000068e+02 -1.524419400000000024e+01 -1.476967219999999941e+02 -1.524294399999999960e+01
-1.476967219999999941e+02 -1.524294399999999960e+01 -1.476820830000000058e+02 -1.524252800000000008e+01
-1.476820830000000058e+02 -1.524252800000000008e+01 -1.476979440000000068e+02 -1.524419400000000024e+01
-1.461513060000000053e+02 -1.579333300000000051e+01 -1.461513060000000053e+02 -1.579247200000000007e+01
-1.461513060000000053e+02 -1.579247200000000007e+01 -1.461413330000000030e+02 -1.579083299999999923e+01
-1.461413330000000030e+02 -1.579083299999999923e+01 -1.461513060000000053e+02 -1.579333300000000051e+01
-1.473096390000000042e+02 -1.523836099999999938e+01 -1.473083890000000054e+02 -1.523708300000000015e+01
-1.473083890000000054e+02 -1.523708300000000015e+01 -1.472937499999999886e+02 -1.523750000000000071e+01
-1.472937499999999886e+02 -1.523750000000000071e+01 -1.473096390000000042e+02 -1.523836099999999938e+01
-1.492993060000000014e+02 -1.768752800000000036e+01 -1.492988609999999881e+02 -1.768708300000000122e+01
-1.492988609999999881e+02 -1.768708300000000122e+01 -1.492963890000000049e+02 -1.770791699999999835e+01
-1.492963890000000049e+02 -1.770791699999999835e+01 -1.492993060000000014e+02 -1.768752800000000036e+01
-1.464104440000000125e+02 -1.531669400000000003e+01 -1.464104440000000125e+02 -1.531502799999999986e+01
-1.464104440000000125e+02 -1.531502799999999986e+01 -1.464021390000000054e+02 -1.531002800000000086e+01
-1.464021390000000054e+02 -1.531002800000000086e+01 -1.464104440000000125e+02 -1.531669400000000003e+01
-1.491243059999999900e+02 -1.782583299999999937e+01 -1.491238889999999913e+02 -1.782544400000000095e+01
-1.491238889999999913e+02 -1.782544400000000095e+01 -1.491197219999999959e+02 -1.784208299999999880e+01
-1.491197219999999959e+02 -1.784208299999999880e+01 -1.491243059999999900e+02 -1.782583299999999937e+01
-1.462504439999999875e+02 -1.532666700000000048e+01 -1.462492220000000032e+02 -1.532544399999999918e+01
-1.462492220000000032e+02 -1.532544399999999918e+01 -1.462396109999999965e+02 -1.532836099999999924e+01
-1.462396109999999965e+02 -1.532836099999999924e+01 -1.462504439999999875e+02 -1.532666700000000048e+01
-1.518113060000000019e+02 -1.625666700000000020e+01 -1.518113329999999905e+02 -1.625586099999999945e+01
-1.518113329999999905e+02 -1.625586099999999945e+01 -1.518020830000000103e+02 -1.625419399999999825e+01
-1.518020830000000103e+02 -1.625419399999999825e+01 -1.518113060000000019e+02 -1.625666700000000020e+01
-1.515138059999999882e+02 -1.655752800000000136e+01 -1.515138059999999882e+02 -1.655672200000000061e+01
-1.515138059999999882e+02 -1.655672200000000061e+01 -1.515045829999999967e+02 -1.655922199999999833e+01
-1.515045829999999967e+02 -1.655922199999999833e+01 -1.515138059999999882e+02 -1.655752800000000136e+01
-1.473954999999999984e+02 -1.517747199999999985e+01 -1.473954999999999984e+02 -1.517666700000000013e+01
-1.473954999999999984e+02 -1.517666700000000013e+01 -1.473862499999999898e+02 -1.518169400000000024e+01
-1.473862499999999898e+02 -1.518169400000000024e+01 -1.473954999999999984e+02 -1.517747199999999985e+01
-1.492301669999999945e+02 -1.773169400000000095e+01 -1.492296939999999950e+02 -1.773124999999999929e+01
-1.492296939999999950e+02 -1.773124999999999929e+01 -1.492135000000000105e+02 -1.773755600000000143e+01
-1.492135000000000105e+02 -1.773755600000000143e+01 -1.492301669999999945e+02 -1.773169400000000095e+01
-1.493001390000000015e+02 -1.767336099999999988e+01 -1.492988890000000026e+02 -1.766127799999999937e+01
-1.492988890000000026e+02 -1.766127799999999937e+01 -1.492984439999999893e+02 -1.767172199999999904e+01
-1.492984439999999893e+02 -1.767172199999999904e+01 -1.493001390000000015e+02 -1.767336099999999988e+01
