1.112374999999999936e+01 3.467916699999999963e+01 1.112461099999999981e+01 3.468002800000000008e+01
1.112461099999999981e+01 3.468002800000000008e+01 1.113250000000000028e+01 3.468205600000000288e+01
1.113250000000000028e+01 3.468205600000000288e+01 1.113705599999999940e+01 3.468666699999999992e+01
1.113705599999999940e+01 3.468666699999999992e+01 1.113663900000000062e+01 3.470041700000000162e+01
1.113663900000000062e+01 3.470041700000000162e+01 1.115169400000000088e+01 3.470622199999999680e+01
1.115169400000000088e+01 3.470622199999999680e+01 1.115874999999999950e+01 3.471416700000000333e+01
1.115874999999999950e+01 3.471416700000000333e+01 1.116086100000000059e+01 3.472288900000000211e+01
1.116086100000000059e+01 3.472288900000000211e+01 1.117161100000000040e+01 3.472538899999999984e+01
1.117161100000000040e+01 3.472538899999999984e+01 1.117872200000000049e+01 3.473247200000000134e+01
1.117872200000000049e+01 3.473247200000000134e+01 1.117708299999999966e+01 3.473583299999999952e+01
1.117708299999999966e+01 3.473583299999999952e+01 1.118208300000000044e+01 3.474413899999999700e+01
1.118208300000000044e+01 3.474413899999999700e+01 1.117333299999999952e+01 3.476205600000000118e+01
1.117333299999999952e+01 3.476205600000000118e+01 1.117666700000000013e+01 3.475952800000000309e+01
1.117666700000000013e+01 3.475952800000000309e+01 1.118330599999999997e+01 3.476211099999999732e+01
1.118330599999999997e+01 3.476211099999999732e+01 1.118374999999999986e+01 3.475247199999999737e+01
1.118374999999999986e+01 3.475247199999999737e+01 1.120913900000000041e+01 3.473708299999999838e+01
1.120913900000000041e+01 3.473708299999999838e+01 1.121205600000000047e+01 3.473747199999999680e+01
1.121205600000000047e+01 3.473747199999999680e+01 1.121169399999999960e+01 3.474122200000000049e+01
1.121169399999999960e+01 3.474122200000000049e+01 1.121663900000000069e+01 3.474208300000000094e+01
1.121663900000000069e+01 3.474208300000000094e+01 1.122708300000000037e+01 3.473916700000000191e+01
1.122708300000000037e+01 3.473916700000000191e+01 1.122711100000000073e+01 3.474997199999999964e+01
1.122711100000000073e+01 3.474997199999999964e+01 1.123127799999999965e+01 3.474994399999999928e+01
1.123127799999999965e+01 3.474994399999999928e+01 1.122955600000000054e+01 3.476080600000000231e+01
1.122955600000000054e+01 3.476080600000000231e+01 1.123461099999999924e+01 3.476580599999999777e+01
1.123461099999999924e+01 3.476580599999999777e+01 1.122202799999999989e+01 3.477497199999999822e+01
1.122202799999999989e+01 3.477497199999999822e+01 1.122208299999999959e+01 3.478000000000000114e+01
1.122208299999999959e+01 3.478000000000000114e+01 1.121786099999999919e+01 3.478327800000000281e+01
1.121786099999999919e+01 3.478327800000000281e+01 1.122083300000000072e+01 3.478541700000000247e+01
1.122083300000000072e+01 3.478541700000000247e+01 1.123161099999999912e+01 3.478291699999999764e+01
1.123161099999999912e+01 3.478291699999999764e+01 1.124913899999999956e+01 3.478958300000000037e+01
1.124913899999999956e+01 3.478958300000000037e+01 1.125041700000000056e+01 3.479666699999999935e+01
1.125041700000000056e+01 3.479666699999999935e+01 1.124416699999999913e+01 3.480875000000000341e+01
1.124416699999999913e+01 3.480875000000000341e+01 1.124913899999999956e+01 3.480538899999999813e+01
1.124913899999999956e+01 3.480538899999999813e+01 1.125327799999999989e+01 3.480708299999999866e+01
1.125327799999999989e+01 3.480708299999999866e+01 1.125455599999999912e+01 3.479830599999999663e+01
1.125455599999999912e+01 3.479830599999999663e+01 1.125791700000000084e+01 3.479663899999999899e+01
1.125791700000000084e+01 3.479663899999999899e+01 1.125874999999999915e+01 3.480916700000000219e+01
1.125874999999999915e+01 3.480916700000000219e+01 1.125411099999999998e+01 3.480958300000000349e+01
1.125411099999999998e+01 3.480958300000000349e+01 1.124624999999999986e+01 3.481666700000000247e+01
1.124624999999999986e+01 3.481666700000000247e+01 1.124619399999999914e+01 3.482249999999999801e+01
1.124619399999999914e+01 3.482249999999999801e+01 1.125202799999999925e+01 3.482497200000000248e+01
1.125202799999999925e+01 3.482497200000000248e+01 1.124747200000000014e+01 3.483124999999999716e+01
1.124747200000000014e+01 3.483124999999999716e+01 1.126663899999999963e+01 3.482372199999999651e+01
1.126663899999999963e+01 3.482372199999999651e+01 1.127747199999999950e+01 3.480622199999999822e+01
1.127747199999999950e+01 3.480622199999999822e+01 1.128622200000000042e+01 3.480577799999999655e+01
1.128622200000000042e+01 3.480577799999999655e+01 1.127624999999999922e+01 3.481416699999999764e+01
1.127624999999999922e+01 3.481416699999999764e+01 1.128083299999999944e+01 3.481955599999999862e+01
1.128083299999999944e+01 3.481955599999999862e+01 1.129586100000000037e+01 3.481294400000000167e+01
1.129586100000000037e+01 3.481294400000000167e+01 1.130333300000000030e+01 3.481291699999999878e+01
1.130333300000000030e+01 3.481291699999999878e+01 1.132286099999999962e+01 3.480080600000000146e+01
1.132286099999999962e+01 3.480080600000000146e+01 1.131913899999999984e+01 3.479708300000000065e+01
1.131913899999999984e+01 3.479708300000000065e+01 1.130666699999999913e+01 3.480452799999999769e+01
1.130666699999999913e+01 3.480452799999999769e+01 1.129244399999999970e+01 3.480372200000000049e+01
1.129244399999999970e+01 3.480372200000000049e+01 1.129202800000000018e+01 3.479999999999999716e+01
1.129202800000000018e+01 3.479999999999999716e+01 1.129875000000000007e+01 3.479500000000000171e+01
1.129875000000000007e+01 3.479500000000000171e+01 1.129161099999999962e+01 3.479291700000000276e+01
1.129161099999999962e+01 3.479291700000000276e+01 1.129038899999999934e+01 3.478830599999999862e+01
1.129038899999999934e+01 3.478830599999999862e+01 1.129374999999999929e+01 3.478750000000000142e+01
1.129374999999999929e+01 3.478750000000000142e+01 1.129952800000000046e+01 3.477747200000000305e+01
1.129952800000000046e+01 3.477747200000000305e+01 1.128500000000000014e+01 3.477455599999999691e+01
1.128500000000000014e+01 3.477455599999999691e+01 1.128369400000000056e+01 3.478002800000000150e+01
1.128369400000000056e+01 3.478002800000000150e+01 1.127997200000000078e+01 3.478041699999999992e+01
1.127997200000000078e+01 3.478041699999999992e+01 1.127619400000000027e+01 3.477747200000000305e+01
1.127619400000000027e+01 3.477747200000000305e+01 1.128205600000000075e+01 3.477580600000000288e+01
1.128205600000000075e+01 3.477580600000000288e+01 1.128125000000000000e+01 3.476666699999999821e+01
1.128125000000000000e+01 3.476666699999999821e+01 1.129330599999999940e+01 3.476122199999999651e+01
1.129330599999999940e+01 3.476122199999999651e+01 1.130199999999999960e+01 3.474750000000000227e+01
1.130199999999999960e+01 3.474750000000000227e+01 1.130958299999999994e+01 3.474333299999999980e+01
1.130958299999999994e+01 3.474333299999999980e+01 1.131038900000000069e+01 3.473583299999999952e+01
1.131038900000000069e+01 3.473583299999999952e+01 1.130744400000000027e+01 3.473372200000000021e+01
1.130744400000000027e+01 3.473372200000000021e+01 1.128827800000000003e+01 3.473205600000000004e+01
1.128827800000000003e+01 3.473205600000000004e+01 1.126750000000000007e+01 3.472038899999999728e+01
1.126750000000000007e+01 3.472038899999999728e+01 1.126077800000000018e+01 3.472291700000000247e+01
1.126077800000000018e+01 3.472291700000000247e+01 1.125830599999999926e+01 3.471872199999999964e+01
1.125830599999999926e+01 3.471872199999999964e+01 1.125500000000000078e+01 3.472205600000000203e+01
1.125500000000000078e+01 3.472205600000000203e+01 1.125622199999999928e+01 3.471411100000000260e+01
1.125622199999999928e+01 3.471411100000000260e+01 1.125244400000000056e+01 3.471041699999999963e+01
1.125244400000000056e+01 3.471041699999999963e+01 1.122163899999999970e+01 3.470622199999999680e+01
1.122163899999999970e+01 3.470622199999999680e+01 1.119250000000000078e+01 3.469455599999999862e+01
1.119250000000000078e+01 3.469455599999999862e+01 1.118997199999999914e+01 3.469619399999999843e+01
1.118997199999999914e+01 3.469619399999999843e+01 1.118497200000000014e+01 3.469038900000000325e+01
1.118497200000000014e+01 3.469038900000000325e+01 1.115916700000000006e+01 3.467958300000000094e+01
1.115916700000000006e+01 3.467958300000000094e+01 1.114247199999999971e+01 3.466872200000000248e+01
1.114247199999999971e+01 3.466872200000000248e+01 1.113497199999999943e+01 3.466786100000000204e+01
1.113497199999999943e+01 3.466786100000000204e+01 1.113250000000000028e+01 3.466372199999999992e+01
1.113250000000000028e+01 3.466372199999999992e+01 1.112788899999999970e+01 3.466502799999999951e+01
1.112788899999999970e+01 3.466502799999999951e+01 1.112538900000000019e+01 3.467249999999999943e+01
1.112538900000000019e+01 3.467249999999999943e+01 1.112786099999999934e+01 3.467750000000000199e+01
1.112786099999999934e+01 3.467750000000000199e+01 1.112374999999999936e+01 3.467916699999999963e+01
1.252041700000000013e+01 3.551666699999999821e+01 1.252041700000000013e+01 3.551833299999999838e+01
1.252041700000000013e+01 3.551833299999999838e+01 1.252830600000000061e+01 3.552374999999999972e+01
1.252830600000000061e+01 3.552374999999999972e+01 1.254083299999999923e+01 3.552624999999999744e+01
1.254083299999999923e+01 3.552624999999999744e+01 1.255077799999999932e+01 3.552125000000000199e+01
1.255077799999999932e+01 3.552125000000000199e+01 1.256747200000000042e+01 3.551872199999999680e+01
1.256747200000000042e+01 3.551872199999999680e+01 1.259330600000000011e+01 3.551624999999999943e+01
1.259330600000000011e+01 3.551624999999999943e+01 1.260333299999999923e+01 3.552041700000000191e+01
1.260333299999999923e+01 3.552041700000000191e+01 1.261161099999999990e+01 3.551708299999999952e+01
1.261161099999999990e+01 3.551708299999999952e+01 1.262330599999999947e+01 3.551708299999999952e+01
1.262330599999999947e+01 3.551708299999999952e+01 1.262955599999999912e+01 3.551411099999999976e+01
1.262955599999999912e+01 3.551411099999999976e+01 1.262205600000000061e+01 3.550997199999999765e+01
1.262205600000000061e+01 3.550997199999999765e+01 1.262541700000000056e+01 3.550500000000000256e+01
1.262541700000000056e+01 3.550500000000000256e+01 1.262286100000000033e+01 3.550161099999999692e+01
1.262286100000000033e+01 3.550161099999999692e+01 1.263208299999999973e+01 3.549750000000000227e+01
1.263208299999999973e+01 3.549750000000000227e+01 1.262833299999999959e+01 3.548952799999999996e+01
1.262833299999999959e+01 3.548952799999999996e+01 1.262083299999999930e+01 3.549208300000000094e+01
1.262083299999999930e+01 3.549208300000000094e+01 1.261913900000000055e+01 3.548952799999999996e+01
1.261913900000000055e+01 3.548952799999999996e+01 1.260580599999999940e+01 3.549127800000000121e+01
1.260580599999999940e+01 3.549127800000000121e+01 1.260244400000000020e+01 3.548875000000000313e+01
1.260244400000000020e+01 3.548875000000000313e+01 1.260038899999999984e+01 3.549166699999999963e+01
1.260038899999999984e+01 3.549166699999999963e+01 1.260458299999999987e+01 3.549502799999999780e+01
1.260458299999999987e+01 3.549502799999999780e+01 1.260163900000000048e+01 3.549708300000000349e+01
1.260163900000000048e+01 3.549708300000000349e+01 1.259500000000000064e+01 3.549208300000000094e+01
1.259500000000000064e+01 3.549208300000000094e+01 1.259080600000000061e+01 3.549702800000000025e+01
1.259080600000000061e+01 3.549702800000000025e+01 1.258663899999999991e+01 3.549541700000000333e+01
1.258663899999999991e+01 3.549541700000000333e+01 1.258750000000000036e+01 3.549955599999999833e+01
1.258750000000000036e+01 3.549955599999999833e+01 1.257080599999999926e+01 3.550291699999999651e+01
1.257080599999999926e+01 3.550291699999999651e+01 1.256830599999999976e+01 3.550705599999999862e+01
1.256830599999999976e+01 3.550705599999999862e+01 1.253661100000000062e+01 3.551375000000000171e+01
1.253661100000000062e+01 3.551375000000000171e+01 1.253244399999999992e+01 3.551205600000000118e+01
1.253244399999999992e+01 3.551205600000000118e+01 1.252041700000000013e+01 3.551666699999999821e+01
1.284452800000000039e+01 3.586416700000000191e+01 1.284536100000000047e+01 3.586500000000000199e+01
1.284536100000000047e+01 3.586500000000000199e+01 1.284663899999999970e+01 3.586952800000000252e+01
1.284663899999999970e+01 3.586952800000000252e+01 1.285500000000000043e+01 3.587288900000000069e+01
1.285500000000000043e+01 3.587288900000000069e+01 1.287419399999999925e+01 3.587288900000000069e+01
1.287419399999999925e+01 3.587288900000000069e+01 1.287872199999999978e+01 3.585327800000000309e+01
1.287872199999999978e+01 3.585327800000000309e+01 1.285413899999999998e+01 3.585288899999999757e+01
1.285413899999999998e+01 3.585288899999999757e+01 1.284872200000000042e+01 3.586247199999999680e+01
1.284872200000000042e+01 3.586247199999999680e+01 1.284452800000000039e+01 3.586416700000000191e+01
1.130874999999999986e+01 3.474583299999999753e+01 1.130872199999999950e+01 3.474661100000000147e+01
1.130872199999999950e+01 3.474661100000000147e+01 1.131666700000000070e+01 3.475538900000000098e+01
1.131666700000000070e+01 3.475538900000000098e+01 1.132369399999999970e+01 3.475663899999999984e+01
1.132369399999999970e+01 3.475663899999999984e+01 1.131788899999999920e+01 3.475750000000000028e+01
1.131788899999999920e+01 3.475750000000000028e+01 1.132080599999999926e+01 3.475955600000000345e+01
1.132080599999999926e+01 3.475955600000000345e+01 1.133666700000000027e+01 3.476119400000000326e+01
1.133666700000000027e+01 3.476119400000000326e+01 1.134705600000000025e+01 3.475830599999999748e+01
1.134705600000000025e+01 3.475830599999999748e+01 1.134497200000000028e+01 3.475536100000000062e+01
1.134497200000000028e+01 3.475536100000000062e+01 1.132666700000000048e+01 3.475372200000000333e+01
1.132666700000000048e+01 3.475372200000000333e+01 1.131161099999999919e+01 3.474374999999999858e+01
1.131161099999999919e+01 3.474374999999999858e+01 1.130874999999999986e+01 3.474583299999999753e+01
1.130786100000000083e+01 3.482580600000000004e+01 1.130872199999999950e+01 3.482663900000000012e+01
1.130872199999999950e+01 3.482663900000000012e+01 1.130916700000000041e+01 3.482955599999999663e+01
1.130916700000000041e+01 3.482955599999999663e+01 1.131583299999999959e+01 3.482955599999999663e+01
1.131583299999999959e+01 3.482955599999999663e+01 1.132499999999999929e+01 3.482038899999999870e+01
1.132499999999999929e+01 3.482038899999999870e+01 1.133955599999999997e+01 3.481502799999999809e+01
1.133955599999999997e+01 3.481502799999999809e+01 1.131497199999999914e+01 3.481708299999999667e+01
1.131497199999999914e+01 3.481708299999999667e+01 1.130786100000000083e+01 3.482580600000000004e+01
1.129455600000000004e+01 3.477083300000000321e+01 1.129455600000000004e+01 3.477161100000000005e+01
1.129455600000000004e+01 3.477161100000000005e+01 1.129586100000000037e+01 3.477538899999999700e+01
1.129586100000000037e+01 3.477538899999999700e+01 1.130416699999999963e+01 3.477538899999999700e+01
1.130416699999999963e+01 3.477538899999999700e+01 1.130372200000000049e+01 3.476916700000000304e+01
1.130372200000000049e+01 3.476916700000000304e+01 1.130663900000000055e+01 3.476705599999999663e+01
1.130663900000000055e+01 3.476705599999999663e+01 1.131163899999999956e+01 3.477211100000000243e+01
1.131163899999999956e+01 3.477211100000000243e+01 1.130952800000000025e+01 3.476333300000000293e+01
1.130952800000000025e+01 3.476333300000000293e+01 1.131375000000000064e+01 3.476077800000000195e+01
1.131375000000000064e+01 3.476077800000000195e+01 1.131000000000000050e+01 3.476038900000000353e+01
1.131000000000000050e+01 3.476038900000000353e+01 1.129455600000000004e+01 3.477083300000000321e+01
1.122036100000000047e+01 3.479830599999999663e+01 1.122038900000000083e+01 3.480247200000000163e+01
1.122038900000000083e+01 3.480247200000000163e+01 1.122580600000000040e+01 3.480202799999999996e+01
1.122580600000000040e+01 3.480202799999999996e+01 1.123536099999999927e+01 3.479080600000000345e+01
1.123536099999999927e+01 3.479080600000000345e+01 1.123083300000000051e+01 3.479044400000000081e+01
1.123083300000000051e+01 3.479044400000000081e+01 1.122036100000000047e+01 3.479830599999999663e+01
1.276286099999999912e+01 3.560247199999999879e+01 1.276291699999999985e+01 3.560499999999999687e+01
1.276291699999999985e+01 3.560499999999999687e+01 1.276788900000000027e+01 3.560497199999999651e+01
1.276788900000000027e+01 3.560497199999999651e+01 1.276583300000000065e+01 3.560119399999999956e+01
1.276583300000000065e+01 3.560119399999999956e+01 1.276286099999999912e+01 3.560247199999999879e+01
1.123877799999999993e+01 3.478913899999999870e+01 1.123872199999999921e+01 3.478999999999999915e+01
1.123872199999999921e+01 3.478999999999999915e+01 1.124327800000000011e+01 3.479124999999999801e+01
1.124327800000000011e+01 3.479124999999999801e+01 1.124461100000000080e+01 3.478916699999999906e+01
1.124461100000000080e+01 3.478916699999999906e+01 1.123877799999999993e+01 3.478913899999999870e+01
1.120786099999999941e+01 3.476749999999999829e+01 1.120788899999999977e+01 3.476830600000000260e+01
1.120788899999999977e+01 3.476830600000000260e+01 1.121163899999999991e+01 3.476788899999999671e+01
1.121163899999999991e+01 3.476788899999999671e+01 1.121169399999999960e+01 3.476455599999999890e+01
1.121169399999999960e+01 3.476455599999999890e+01 1.120786099999999941e+01 3.476749999999999829e+01
1.128369400000000056e+01 3.482249999999999801e+01 1.128455600000000025e+01 3.482333299999999809e+01
1.128455600000000025e+01 3.482333299999999809e+01 1.128580599999999912e+01 3.482622200000000134e+01
1.128580599999999912e+01 3.482622200000000134e+01 1.128705599999999976e+01 3.482327800000000195e+01
1.128705599999999976e+01 3.482327800000000195e+01 1.128369400000000056e+01 3.482249999999999801e+01
1.255622199999999999e+01 3.550577799999999939e+01 1.255625000000000036e+01 3.550750000000000028e+01
1.255625000000000036e+01 3.550750000000000028e+01 1.255955600000000061e+01 3.550666700000000020e+01
1.255955600000000061e+01 3.550666700000000020e+01 1.255622199999999999e+01 3.550577799999999939e+01
1.130458299999999916e+01 3.475747199999999992e+01 1.130452799999999947e+01 3.475833300000000037e+01
1.130452799999999947e+01 3.475833300000000037e+01 1.130791699999999977e+01 3.475744399999999956e+01
1.130791699999999977e+01 3.475744399999999956e+01 1.130458299999999916e+01 3.475747199999999992e+01
1.233286099999999941e+01 3.555913900000000183e+01 1.233413900000000041e+01 3.556044399999999683e+01
1.233413900000000041e+01 3.556044399999999683e+01 1.233500000000000085e+01 3.555791700000000333e+01
1.233500000000000085e+01 3.555791700000000333e+01 1.233286099999999941e+01 3.555913900000000183e+01
1.135369400000000084e+01 3.475750000000000028e+01 1.135374999999999979e+01 3.475916699999999793e+01
1.135374999999999979e+01 3.475916699999999793e+01 1.135622200000000070e+01 3.475830599999999748e+01
1.135622200000000070e+01 3.475830599999999748e+01 1.135369400000000084e+01 3.475750000000000028e+01
1.136786099999999955e+01 3.487497199999999964e+01 1.136791700000000027e+01 3.487663899999999728e+01
1.136791700000000027e+01 3.487663899999999728e+01 1.137038899999999941e+01 3.487577799999999684e+01
1.137038899999999941e+01 3.487577799999999684e+01 1.136786099999999955e+01 3.487497199999999964e+01
1.132124999999999915e+01 3.479500000000000171e+01 1.132124999999999915e+01 3.479577799999999854e+01
1.132124999999999915e+01 3.479577799999999854e+01 1.132369399999999970e+01 3.479666699999999935e+01
1.132369399999999970e+01 3.479666699999999935e+01 1.132124999999999915e+01 3.479500000000000171e+01
1.136541700000000077e+01 3.475750000000000028e+01 1.136536100000000005e+01 3.475836100000000073e+01
1.136536100000000005e+01 3.475836100000000073e+01 1.136791700000000027e+01 3.475750000000000028e+01
1.136791700000000027e+01 3.475750000000000028e+01 1.136541700000000077e+01 3.475750000000000028e+01
1.137119399999999914e+01 3.487416699999999992e+01 1.137122199999999950e+01 3.487583300000000008e+01
1.137122199999999950e+01 3.487583300000000008e+01 1.137372200000000078e+01 3.487583300000000008e+01
1.137372200000000078e+01 3.487583300000000008e+01 1.137119399999999914e+01 3.487416699999999992e+01
1.137038899999999941e+01 3.487830600000000203e+01 1.137083299999999930e+01 3.487869400000000297e+01
1.137083299999999930e+01 3.487869400000000297e+01 1.137372200000000078e+01 3.487749999999999773e+01
1.137372200000000078e+01 3.487749999999999773e+01 1.137038899999999941e+01 3.487830600000000203e+01
1.135791700000000048e+01 3.475249999999999773e+01 1.135786099999999976e+01 3.475336099999999817e+01
1.135786099999999976e+01 3.475336099999999817e+01 1.136036099999999927e+01 3.475330600000000203e+01
1.136036099999999927e+01 3.475330600000000203e+01 1.135791700000000048e+01 3.475249999999999773e+01
