3.000000000000000000e+00 3.603125000000000000e+01 3.000000000000000000e+00 3.681927496143477896e+01
3.000000000000000000e+00 3.681927496143477896e+01 3.014167000000000041e+00 3.682122199999999879e+01
3.014167000000000041e+00 3.682122199999999879e+01 3.071250000000000036e+00 3.678833300000000150e+01
3.071250000000000036e+00 3.678833300000000150e+01 3.063333000000000084e+00 3.676372200000000134e+01
3.063333000000000084e+00 3.676372200000000134e+01 3.123277999999999999e+00 3.674369399999999786e+01
3.123277999999999999e+00 3.674369399999999786e+01 3.168305999999999845e+00 3.674374999999999858e+01
3.168305999999999845e+00 3.674374999999999858e+01 3.215860999999999859e+00 3.676291700000000162e+01
3.215860999999999859e+00 3.676291700000000162e+01 3.236222000000000154e+00 3.679500000000000171e+01
3.236222000000000154e+00 3.679500000000000171e+01 3.229111000000000065e+00 3.681544399999999939e+01
3.229111000000000065e+00 3.681544399999999939e+01 3.320832999999999924e+00 3.678705599999999976e+01
3.320832999999999924e+00 3.678705599999999976e+01 3.487471999999999905e+00 3.676788899999999671e+01
3.487471999999999905e+00 3.676788899999999671e+01 3.671638999999999875e+00 3.683786099999999664e+01
3.671638999999999875e+00 3.683786099999999664e+01 3.734999999999999876e+00 3.688705600000000118e+01
3.734999999999999876e+00 3.688705600000000118e+01 3.848306000000000004e+00 3.691372199999999992e+01
3.848306000000000004e+00 3.691372199999999992e+01 3.855805999999999845e+00 3.689622200000000163e+01
3.855805999999999845e+00 3.689622200000000163e+01 3.857472000000000012e+00 3.691205599999999976e+01
3.857472000000000012e+00 3.691205599999999976e+01 3.895861000000000018e+00 3.692538900000000268e+01
3.895861000000000018e+00 3.692538900000000268e+01 3.950832999999999817e+00 3.689788899999999927e+01
3.950832999999999817e+00 3.689788899999999927e+01 4.000000000000000000e+00 3.690525000000000233e+01
4.000000000000000000e+00 3.690525000000000233e+01 4.108278000000000318e+00 3.689130600000000015e+01
4.108278000000000318e+00 3.689130600000000015e+01 4.161639000000000088e+00 3.690958299999999781e+01
4.161639000000000088e+00 3.690958299999999781e+01 4.204888999999999655e+00 3.689380599999999788e+01
4.204888999999999655e+00 3.689380599999999788e+01 4.299916999999999767e+00 3.690872199999999737e+01
4.299916999999999767e+00 3.690872199999999737e+01 4.309222000000000108e+00 3.689533300000000082e+01
4.309222000000000108e+00 3.689533300000000082e+01 4.390806000000000431e+00 3.689038899999999899e+01
4.390806000000000431e+00 3.689038899999999899e+01 4.418332999999999622e+00 3.689538900000000154e+01
4.418332999999999622e+00 3.689538900000000154e+01 4.422500000000000320e+00 3.691205599999999976e+01
4.422500000000000320e+00 3.691205599999999976e+01 4.514110999999999763e+00 3.688447200000000237e+01
4.514110999999999763e+00 3.688447200000000237e+01 4.788388999999999562e+00 3.689205599999999663e+01
4.788388999999999562e+00 3.689205599999999663e+01 4.819971999999999923e+00 3.687113899999999944e+01
4.819971999999999923e+00 3.687113899999999944e+01 4.924222000000000321e+00 3.685291699999999793e+01
4.924222000000000321e+00 3.685291699999999793e+01 4.938333000000000084e+00 3.683366699999999838e+01
4.938333000000000084e+00 3.683366699999999838e+01 5.016666999999999987e+00 3.680955600000000061e+01
5.016666999999999987e+00 3.680955600000000061e+01 5.050778000000000212e+00 3.678374999999999773e+01
5.050778000000000212e+00 3.678374999999999773e+01 5.109111000000000402e+00 3.677791700000000219e+01
5.109111000000000402e+00 3.677791700000000219e+01 5.108722000000000207e+00 3.676080600000000231e+01
5.108722000000000207e+00 3.676080600000000231e+01 5.072917000000000343e+00 3.673333300000000179e+01
5.072917000000000343e+00 3.673333300000000179e+01 5.123332999999999693e+00 3.668705599999999833e+01
5.123332999999999693e+00 3.668705599999999833e+01 5.255832999999999977e+00 3.664205599999999663e+01
5.255832999999999977e+00 3.664205599999999663e+01 5.344139000000000195e+00 3.664119399999999871e+01
5.344139000000000195e+00 3.664119399999999871e+01 5.504166999999999810e+00 3.668119399999999786e+01
5.504166999999999810e+00 3.668119399999999786e+01 5.557889000000000301e+00 3.671999999999999886e+01
5.557889000000000301e+00 3.671999999999999886e+01 5.571639000000000230e+00 3.676788899999999671e+01
5.571639000000000230e+00 3.676788899999999671e+01 5.595778000000000141e+00 3.678374999999999773e+01
5.595778000000000141e+00 3.678374999999999773e+01 5.644139000000000017e+00 3.678455600000000203e+01
5.644139000000000017e+00 3.678455600000000203e+01 5.691666999999999810e+00 3.682124999999999915e+01
5.691666999999999810e+00 3.682124999999999915e+01 5.772444000000000131e+00 3.683124999999999716e+01
5.772444000000000131e+00 3.683124999999999716e+01 5.804972000000000243e+00 3.680955600000000061e+01
5.804972000000000243e+00 3.680955600000000061e+01 5.944971999999999923e+00 3.683041699999999707e+01
5.944971999999999923e+00 3.683041699999999707e+01 5.938333000000000084e+00 3.682291699999999679e+01
5.938333000000000084e+00 3.682291699999999679e+01 6.208306000000000324e+00 3.690711100000000044e+01
6.208306000000000324e+00 3.690711100000000044e+01 6.261193999999999704e+00 3.694250000000000256e+01
6.261193999999999704e+00 3.694250000000000256e+01 6.240389000000000408e+00 3.698577800000000337e+01
6.240389000000000408e+00 3.698577800000000337e+01 6.266666999999999987e+00 3.702624999999999744e+01
6.266666999999999987e+00 3.702624999999999744e+01 6.339972000000000385e+00 3.706877800000000178e+01
6.339972000000000385e+00 3.706877800000000178e+01 6.415805999999999898e+00 3.708624999999999972e+01
6.415805999999999898e+00 3.708624999999999972e+01 6.488305999999999685e+00 3.708786099999999664e+01
6.488305999999999685e+00 3.708786099999999664e+01 6.523333000000000048e+00 3.705455599999999805e+01
6.523333000000000048e+00 3.705455599999999805e+01 6.550778000000000212e+00 3.705538899999999813e+01
6.550778000000000212e+00 3.705538899999999813e+01 6.542028000000000176e+00 3.703249999999999886e+01
6.542028000000000176e+00 3.703249999999999886e+01 6.571639000000000230e+00 3.702875000000000227e+01
6.571639000000000230e+00 3.702875000000000227e+01 6.571639000000000230e+00 3.700872199999999879e+01
6.571639000000000230e+00 3.700872199999999879e+01 6.585443999999999853e+00 3.701416700000000048e+01
6.585443999999999853e+00 3.701416700000000048e+01 6.564528000000000141e+00 3.698080600000000118e+01
6.564528000000000141e+00 3.698080600000000118e+01 6.595778000000000141e+00 3.696708300000000236e+01
6.595778000000000141e+00 3.696708300000000236e+01 6.630778000000000283e+00 3.697375000000000256e+01
6.630778000000000283e+00 3.697375000000000256e+01 6.639139000000000124e+00 3.695622199999999680e+01
6.639139000000000124e+00 3.695622199999999680e+01 6.719972000000000278e+00 3.694538899999999870e+01
6.719972000000000278e+00 3.694538899999999870e+01 6.749166999999999916e+00 3.696374999999999744e+01
6.749166999999999916e+00 3.696374999999999744e+01 6.768305999999999933e+00 3.694538899999999870e+01
6.768305999999999933e+00 3.694538899999999870e+01 6.849139000000000088e+00 3.695619400000000354e+01
6.849139000000000088e+00 3.695619400000000354e+01 6.849999999999999645e+00 3.693625000000000114e+01
6.849999999999999645e+00 3.693625000000000114e+01 6.882888999999999591e+00 3.693249999999999744e+01
6.882888999999999591e+00 3.693249999999999744e+01 6.883333000000000368e+00 3.689622200000000163e+01
6.883333000000000368e+00 3.689622200000000163e+01 6.930805999999999578e+00 3.688205599999999862e+01
6.930805999999999578e+00 3.688205599999999862e+01 7.087471999999999994e+00 3.692036099999999976e+01
7.087471999999999994e+00 3.692036099999999976e+01 7.135778000000000176e+00 3.690958299999999781e+01
7.135778000000000176e+00 3.690958299999999781e+01 7.229167000000000343e+00 3.696458299999999753e+01
7.229167000000000343e+00 3.696458299999999753e+01 7.253721999999999781e+00 3.698830600000000146e+01
7.253721999999999781e+00 3.698830600000000146e+01 7.257888999999999591e+00 3.702494399999999786e+01
7.257888999999999591e+00 3.702494399999999786e+01 7.172500000000000320e+00 3.708205600000000146e+01
7.172500000000000320e+00 3.708205600000000146e+01 7.195027999999999757e+00 3.707541700000000162e+01
7.195027999999999757e+00 3.707541700000000162e+01 7.214139000000000301e+00 3.708869399999999672e+01
7.214139000000000301e+00 3.708869399999999672e+01 7.271666999999999881e+00 3.706619400000000297e+01
7.271666999999999881e+00 3.706619400000000297e+01 7.294999999999999929e+00 3.708211099999999760e+01
7.294999999999999929e+00 3.708211099999999760e+01 7.349139000000000088e+00 3.706622200000000333e+01
7.349139000000000088e+00 3.706622200000000333e+01 7.381638999999999839e+00 3.708372200000000163e+01
7.381638999999999839e+00 3.708372200000000163e+01 7.407472000000000278e+00 3.704038899999999757e+01
7.407472000000000278e+00 3.704038899999999757e+01 7.515832999999999764e+00 3.704122199999999765e+01
7.515832999999999764e+00 3.704122199999999765e+01 7.564972000000000030e+00 3.698702800000000224e+01
7.564972000000000030e+00 3.698702800000000224e+01 7.620805999999999969e+00 3.696205599999999691e+01
7.620805999999999969e+00 3.696205599999999691e+01 7.660000000000000142e+00 3.697955600000000231e+01
7.660000000000000142e+00 3.697955600000000231e+01 7.711638999999999911e+00 3.695041700000000162e+01
7.711638999999999911e+00 3.695041700000000162e+01 7.791638999999999982e+00 3.697044400000000053e+01
7.791638999999999982e+00 3.697044400000000053e+01 7.762889000000000372e+00 3.693080599999999691e+01
7.762889000000000372e+00 3.693080599999999691e+01 7.777083000000000190e+00 3.690830600000000317e+01
7.777083000000000190e+00 3.690830600000000317e+01 7.761250000000000426e+00 3.689583300000000321e+01
7.761250000000000426e+00 3.689583300000000321e+01 7.766221999999999959e+00 3.687500000000000000e+01
7.766221999999999959e+00 3.687500000000000000e+01 7.818332999999999977e+00 3.684872200000000220e+01
7.818332999999999977e+00 3.684872200000000220e+01 7.899971999999999994e+00 3.684291699999999992e+01
7.899971999999999994e+00 3.684291699999999992e+01 8.045778000000000318e+00 3.687536099999999806e+01
8.045778000000000318e+00 3.687536099999999806e+01 8.225778000000000034e+00 3.695119400000000098e+01
8.225778000000000034e+00 3.695119400000000098e+01 8.271582999999999686e+00 3.691788900000000240e+01
8.271582999999999686e+00 3.691788900000000240e+01 8.363277999999999324e+00 3.692374999999999829e+01
8.363277999999999324e+00 3.692374999999999829e+01 8.430806000000000466e+00 3.689619400000000127e+01
8.430806000000000466e+00 3.689619400000000127e+01 8.504139000000000337e+00 3.690533299999999883e+01
8.504139000000000337e+00 3.690533299999999883e+01 8.610806000000000182e+00 3.694202800000000053e+01
8.610806000000000182e+00 3.694202800000000053e+01 8.634138999999999342e+00 3.693622200000000078e+01
8.634138999999999342e+00 3.693622200000000078e+01 8.709972000000000492e+00 3.696869399999999928e+01
8.709972000000000492e+00 3.696869399999999928e+01 8.788278000000000034e+00 3.695536100000000346e+01
8.788278000000000034e+00 3.695536100000000346e+01 8.928305999999999187e+00 3.703119399999999928e+01
8.928305999999999187e+00 3.703119399999999928e+01 8.979556000000000537e+00 3.710413900000000353e+01
8.979556000000000537e+00 3.710413900000000353e+01 9.000000000000000000e+00 3.711839472434668608e+01
9.000000000000000000e+00 3.711839472434668608e+01 9.000000000000000000e+00 3.603125000000000000e+01
9.000000000000000000e+00 3.603125000000000000e+01 3.000000000000000000e+00 3.603125000000000000e+01
8.349555999999999756e+00 3.907497200000000248e+01 8.365805999999999187e+00 3.911288900000000268e+01
8.365805999999999187e+00 3.911288900000000268e+01 8.380805999999999756e+00 3.909958300000000264e+01
8.380805999999999756e+00 3.909958300000000264e+01 8.426638999999999768e+00 3.910958300000000065e+01
8.426638999999999768e+00 3.910958300000000065e+01 8.464111000000000828e+00 3.905872200000000305e+01
8.464111000000000828e+00 3.905872200000000305e+01 8.483750000000000568e+00 3.908330600000000032e+01
8.483750000000000568e+00 3.908330600000000032e+01 8.463361000000000800e+00 3.911869399999999786e+01
8.463361000000000800e+00 3.911869399999999786e+01 8.436610999999999194e+00 3.911205600000000260e+01
8.436610999999999194e+00 3.911205600000000260e+01 8.436249999999999361e+00 3.915580599999999833e+01
8.436249999999999361e+00 3.915580599999999833e+01 8.412499999999999645e+00 3.917458299999999838e+01
8.412499999999999645e+00 3.917458299999999838e+01 8.407472000000000278e+00 3.916041700000000247e+01
8.407472000000000278e+00 3.916041700000000247e+01 8.398778000000000077e+00 3.919830600000000231e+01
8.398778000000000077e+00 3.919830600000000231e+01 8.367860999999999549e+00 3.921166699999999850e+01
8.367860999999999549e+00 3.921166699999999850e+01 8.366222000000000492e+00 3.922916699999999679e+01
8.366222000000000492e+00 3.922916699999999679e+01 8.435389000000000692e+00 3.929086099999999959e+01
8.435389000000000692e+00 3.929086099999999959e+01 8.418694000000000344e+00 3.933413900000000041e+01
8.418694000000000344e+00 3.933413900000000041e+01 8.394083000000000183e+00 3.933791699999999736e+01
8.394083000000000183e+00 3.933791699999999736e+01 8.372028000000000247e+00 3.937744399999999700e+01
8.372028000000000247e+00 3.937744399999999700e+01 8.412943999999999534e+00 3.943166699999999736e+01
8.412943999999999534e+00 3.943166699999999736e+01 8.379583000000000226e+00 3.945661100000000232e+01
8.379583000000000226e+00 3.945661100000000232e+01 8.451221999999999568e+00 3.954583300000000179e+01
8.451221999999999568e+00 3.954583300000000179e+01 8.469583000000000084e+00 3.960083300000000150e+01
8.469583000000000084e+00 3.960083300000000150e+01 8.448778000000000787e+00 3.963163899999999984e+01
8.448778000000000787e+00 3.963163899999999984e+01 8.442055999999999116e+00 3.975833300000000037e+01
8.442055999999999116e+00 3.975833300000000037e+01 8.455806000000000822e+00 3.977041700000000191e+01
8.455806000000000822e+00 3.977041700000000191e+01 8.519138999999999129e+00 3.969375000000000142e+01
8.519138999999999129e+00 3.969375000000000142e+01 8.562471999999999639e+00 3.969288900000000098e+01
8.562471999999999639e+00 3.969288900000000098e+01 8.502888999999999697e+00 3.972913900000000353e+01
8.502888999999999697e+00 3.972913900000000353e+01 8.539583000000000368e+00 3.977077799999999996e+01
8.539583000000000368e+00 3.977077799999999996e+01 8.513332999999999373e+00 3.975208299999999895e+01
8.513332999999999373e+00 3.975208299999999895e+01 8.552056000000000324e+00 3.982913899999999785e+01
8.552056000000000324e+00 3.982913899999999785e+01 8.557472000000000634e+00 3.981622200000000333e+01
8.557472000000000634e+00 3.981622200000000333e+01 8.572860999999999621e+00 3.982330600000000231e+01
8.572860999999999621e+00 3.982330600000000231e+01 8.531250000000000000e+00 3.986583300000000207e+01
8.531250000000000000e+00 3.986583300000000207e+01 8.565443999999999392e+00 3.985750000000000171e+01
8.565443999999999392e+00 3.985750000000000171e+01 8.541194000000000841e+00 3.986666699999999963e+01
8.541194000000000841e+00 3.986666699999999963e+01 8.546639000000000763e+00 3.988455600000000345e+01
8.546639000000000763e+00 3.988455600000000345e+01 8.488694000000000628e+00 3.990497200000000078e+01
8.488694000000000628e+00 3.990497200000000078e+01 8.505833000000000865e+00 3.991872200000000248e+01
8.505833000000000865e+00 3.991872200000000248e+01 8.481666999999999845e+00 3.990286100000000147e+01
8.481666999999999845e+00 3.990286100000000147e+01 8.477472000000000563e+00 3.991538899999999757e+01
8.477472000000000563e+00 3.991538899999999757e+01 8.441694000000000031e+00 3.990372200000000191e+01
8.441694000000000031e+00 3.990372200000000191e+01 8.439111000000000473e+00 3.989044400000000223e+01
8.439111000000000473e+00 3.989044400000000223e+01 8.468750000000000000e+00 3.990080600000000288e+01
8.468750000000000000e+00 3.990080600000000288e+01 8.434110999999999692e+00 3.985705600000000004e+01
8.434110999999999692e+00 3.985705600000000004e+01 8.432944000000000884e+00 3.988411099999999720e+01
8.432944000000000884e+00 3.988411099999999720e+01 8.394555999999999685e+00 3.990747199999999850e+01
8.394555999999999685e+00 3.990747199999999850e+01 8.390041400088888324e+00 3.996875000000000000e+01
8.390041400088888324e+00 3.996875000000000000e+01 9.000000000000000000e+00 3.996875000000000000e+01
9.000000000000000000e+00 3.996875000000000000e+01 9.000000000000000000e+00 3.898691845779592313e+01
9.000000000000000000e+00 3.898691845779592313e+01 8.998360999999999166e+00 3.898705600000000260e+01
8.998360999999999166e+00 3.898705600000000260e+01 8.855833000000000510e+00 3.887538899999999842e+01
8.855833000000000510e+00 3.887538899999999842e+01 8.804138999999999271e+00 3.890291700000000219e+01
8.804138999999999271e+00 3.890291700000000219e+01 8.800833000000000794e+00 3.888372199999999879e+01
8.800833000000000794e+00 3.888372199999999879e+01 8.779139000000000692e+00 3.891286099999999948e+01
8.779139000000000692e+00 3.891286099999999948e+01 8.721610999999999336e+00 3.893952800000000281e+01
8.721610999999999336e+00 3.893952800000000281e+01 8.718306000000000111e+00 3.892286099999999749e+01
8.718306000000000111e+00 3.892286099999999749e+01 8.665777999999999537e+00 3.891036100000000175e+01
8.665777999999999537e+00 3.891036100000000175e+01 8.671250000000000568e+00 3.889744400000000013e+01
8.671250000000000568e+00 3.889744400000000013e+01 8.648749999999999716e+00 3.888827799999999968e+01
8.648749999999999716e+00 3.888827799999999968e+01 8.658721999999999142e+00 3.886827799999999655e+01
8.658721999999999142e+00 3.886827799999999655e+01 8.638306000000000040e+00 3.886455600000000032e+01
8.638306000000000040e+00 3.886455600000000032e+01 8.645861000000000018e+00 3.889538900000000154e+01
8.645861000000000018e+00 3.889538900000000154e+01 8.605416999999999206e+00 3.889661100000000005e+01
8.605416999999999206e+00 3.889661100000000005e+01 8.617888999999999911e+00 3.894913900000000240e+01
8.617888999999999911e+00 3.894913900000000240e+01 8.604167000000000343e+00 3.896208299999999980e+01
8.604167000000000343e+00 3.896208299999999980e+01 8.585832999999999160e+00 3.895538899999999671e+01
8.585832999999999160e+00 3.895538899999999671e+01 8.566167000000000087e+00 3.899163899999999927e+01
8.566167000000000087e+00 3.899163899999999927e+01 8.581277999999999295e+00 3.904083299999999923e+01
8.581277999999999295e+00 3.904083299999999923e+01 8.509971999999999426e+00 3.906036100000000033e+01
8.509971999999999426e+00 3.906036100000000033e+01 8.508333000000000368e+00 3.908541699999999963e+01
8.508333000000000368e+00 3.908541699999999963e+01 8.483750000000000568e+00 3.907163899999999757e+01
8.483750000000000568e+00 3.907163899999999757e+01 8.495805999999999969e+00 3.906122200000000078e+01
8.495805999999999969e+00 3.906122200000000078e+01 8.458750000000000213e+00 3.904994400000000354e+01
8.458750000000000213e+00 3.904994400000000354e+01 8.451221999999999568e+00 3.899744400000000155e+01
8.451221999999999568e+00 3.899744400000000155e+01 8.451249999999999929e+00 3.899499999999999744e+01
8.451249999999999929e+00 3.899499999999999744e+01 8.444943999999999562e+00 3.896702799999999911e+01
8.444943999999999562e+00 3.896702799999999911e+01 8.407389000000000223e+00 3.895708299999999724e+01
8.407389000000000223e+00 3.895708299999999724e+01 8.349555999999999756e+00 3.907497200000000248e+01
3.000000000000000000e+00 3.931791700000000134e+01 3.000000000000000000e+00 3.991765737252379864e+01
3.000000000000000000e+00 3.991765737252379864e+01 3.043333000000000066e+00 3.993869399999999814e+01
3.043333000000000066e+00 3.993869399999999814e+01 3.060777999999999999e+00 3.992125000000000057e+01
3.060777999999999999e+00 3.992125000000000057e+01 3.094167000000000112e+00 3.993705599999999833e+01
3.094167000000000112e+00 3.993705599999999833e+01 3.120778000000000052e+00 3.993291700000000333e+01
3.120778000000000052e+00 3.993291700000000333e+01 3.164166999999999952e+00 3.996124999999999972e+01
3.164166999999999952e+00 3.996124999999999972e+01 3.180832999999999799e+00 3.996288899999999700e+01
3.180832999999999799e+00 3.996288899999999700e+01 3.179971999999999799e+00 3.995208300000000179e+01
3.179971999999999799e+00 3.995208300000000179e+01 3.214944000000000024e+00 3.996374999999999744e+01
3.214944000000000024e+00 3.996374999999999744e+01 3.194138999999999839e+00 3.994038900000000325e+01
3.194138999999999839e+00 3.994038900000000325e+01 3.131693999999999978e+00 3.992708300000000321e+01
3.131693999999999978e+00 3.992708300000000321e+01 3.111638999999999822e+00 3.989958299999999980e+01
3.111638999999999822e+00 3.989958299999999980e+01 3.091638999999999804e+00 3.991122200000000220e+01
3.091638999999999804e+00 3.991122200000000220e+01 3.080388999999999822e+00 3.990166700000000333e+01
3.080388999999999822e+00 3.990166700000000333e+01 3.105777999999999928e+00 3.985872200000000021e+01
3.105777999999999928e+00 3.985872200000000021e+01 3.204556000000000182e+00 3.989080599999999777e+01
3.204556000000000182e+00 3.989080599999999777e+01 3.179167000000000076e+00 3.984038900000000183e+01
3.179167000000000076e+00 3.984038900000000183e+01 3.122888999999999804e+00 3.983583300000000094e+01
3.122888999999999804e+00 3.983583300000000094e+01 3.138306000000000040e+00 3.978038899999999956e+01
3.138306000000000040e+00 3.978038899999999956e+01 3.253277999999999892e+00 3.973125000000000284e+01
3.253277999999999892e+00 3.973125000000000284e+01 3.328333000000000208e+00 3.976041699999999679e+01
3.328333000000000208e+00 3.976041699999999679e+01 3.348278000000000088e+00 3.979041699999999793e+01
3.348278000000000088e+00 3.979041699999999793e+01 3.414139000000000035e+00 3.975288900000000325e+01
3.414139000000000035e+00 3.975288900000000325e+01 3.460805999999999827e+00 3.974955599999999833e+01
3.460805999999999827e+00 3.974955599999999833e+01 3.452055999999999791e+00 3.972413900000000098e+01
3.452055999999999791e+00 3.972413900000000098e+01 3.478749999999999787e+00 3.971663900000000069e+01
3.478749999999999787e+00 3.971663900000000069e+01 3.456221999999999905e+00 3.970499999999999829e+01
3.456221999999999905e+00 3.970499999999999829e+01 3.457082999999999906e+00 3.965833299999999895e+01
3.457082999999999906e+00 3.965833299999999895e+01 3.439528000000000141e+00 3.965500000000000114e+01
3.439528000000000141e+00 3.965500000000000114e+01 3.437028000000000194e+00 3.963499999999999801e+01
3.437028000000000194e+00 3.963499999999999801e+01 3.406610999999999834e+00 3.963705600000000118e+01
3.406610999999999834e+00 3.963705600000000118e+01 3.394556000000000129e+00 3.962250000000000227e+01
3.394556000000000129e+00 3.962250000000000227e+01 3.384555999999999898e+00 3.959416699999999878e+01
3.384555999999999898e+00 3.959416699999999878e+01 3.404527999999999999e+00 3.957994399999999757e+01
3.404527999999999999e+00 3.957994399999999757e+01 3.379138999999999893e+00 3.957622200000000134e+01
3.379138999999999893e+00 3.957622200000000134e+01 3.369556000000000218e+00 3.955163900000000154e+01
3.369556000000000218e+00 3.955163900000000154e+01 3.334972000000000047e+00 3.954122199999999765e+01
3.334972000000000047e+00 3.954122199999999765e+01 3.297861000000000153e+00 3.949994399999999928e+01
3.297861000000000153e+00 3.949994399999999928e+01 3.276250000000000107e+00 3.941669399999999968e+01
3.276250000000000107e+00 3.941669399999999968e+01 3.262055999999999845e+00 3.942583299999999724e+01
3.262055999999999845e+00 3.942583299999999724e+01 3.231666999999999845e+00 3.936122199999999793e+01
3.231666999999999845e+00 3.936122199999999793e+01 3.188305999999999862e+00 3.935202799999999712e+01
3.188305999999999862e+00 3.935202799999999712e+01 3.172471999999999959e+00 3.932705599999999890e+01
3.172471999999999959e+00 3.932705599999999890e+01 3.147499999999999964e+00 3.933041699999999707e+01
3.147499999999999964e+00 3.933041699999999707e+01 3.065805999999999809e+00 3.926541699999999935e+01
3.065805999999999809e+00 3.926541699999999935e+01 3.000000000000000000e+00 3.931791700000000134e+01
3.823332999999999871e+00 3.992291699999999821e+01 3.826504102941365559e+00 3.996875000000000000e+01
3.826504102941365559e+00 3.996875000000000000e+01 4.258127390770310328e+00 3.996875000000000000e+01
4.258127390770310328e+00 3.996875000000000000e+01 4.257056000000000395e+00 3.996580600000000061e+01
4.257056000000000395e+00 3.996580600000000061e+01 4.282083000000000084e+00 3.995250000000000057e+01
4.282083000000000084e+00 3.995250000000000057e+01 4.287888999999999839e+00 3.991330599999999862e+01
4.287888999999999839e+00 3.991330599999999862e+01 4.328721999999999959e+00 3.987663899999999728e+01
4.328721999999999959e+00 3.987663899999999728e+01 4.310806000000000360e+00 3.987122200000000305e+01
4.310806000000000360e+00 3.987122200000000305e+01 4.296638999999999875e+00 3.989208299999999952e+01
4.296638999999999875e+00 3.989208299999999952e+01 4.259943999999999953e+00 3.989627800000000235e+01
4.259943999999999953e+00 3.989627800000000235e+01 4.307916999999999774e+00 3.986833299999999980e+01
4.307916999999999774e+00 3.986833299999999980e+01 4.305388999999999911e+00 3.983250000000000313e+01
4.305388999999999911e+00 3.983250000000000313e+01 4.278332999999999942e+00 3.981041700000000105e+01
4.278332999999999942e+00 3.981041700000000105e+01 4.238361000000000267e+00 3.981458299999999895e+01
4.238361000000000267e+00 3.981458299999999895e+01 4.000000000000000000e+00 3.992541700000000304e+01
4.000000000000000000e+00 3.992541700000000304e+01 3.997472000000000136e+00 3.992544399999999882e+01
3.997472000000000136e+00 3.992544399999999882e+01 3.938333000000000084e+00 3.993788899999999842e+01
3.938333000000000084e+00 3.993788899999999842e+01 3.900832999999999995e+00 3.992291699999999821e+01
3.900832999999999995e+00 3.992291699999999821e+01 3.823332999999999871e+00 3.992291699999999821e+01
8.218721999999999639e+00 3.914747200000000049e+01 8.218721999999999639e+00 3.914833300000000094e+01
8.218721999999999639e+00 3.914833300000000094e+01 8.230805999999999401e+00 3.916624999999999801e+01
8.230805999999999401e+00 3.916624999999999801e+01 8.309972000000000136e+00 3.918791699999999878e+01
8.309972000000000136e+00 3.918791699999999878e+01 8.307083000000000439e+00 3.910080599999999862e+01
8.307083000000000439e+00 3.910080599999999862e+01 8.253306000000000253e+00 3.910374999999999801e+01
8.253306000000000253e+00 3.910374999999999801e+01 8.248722000000000776e+00 3.913330599999999748e+01
8.248722000000000776e+00 3.913330599999999748e+01 8.218721999999999639e+00 3.914747200000000049e+01
8.901249999999999218e+00 3.751916700000000304e+01 8.902055999999999969e+00 3.751994400000000240e+01
8.902055999999999969e+00 3.751994400000000240e+01 8.946638999999999342e+00 3.754294399999999854e+01
8.946638999999999342e+00 3.754294399999999854e+01 8.962916999999999135e+00 3.752747200000000305e+01
8.962916999999999135e+00 3.752747200000000305e+01 8.957444000000000628e+00 3.751622199999999907e+01
8.957444000000000628e+00 3.751622199999999907e+01 8.901249999999999218e+00 3.751916700000000304e+01
8.295389000000000124e+00 3.697247200000000333e+01 8.295360999999999763e+00 3.697497200000000106e+01
8.295360999999999763e+00 3.697497200000000106e+01 8.312056000000000111e+00 3.697497200000000106e+01
8.312056000000000111e+00 3.697497200000000106e+01 8.295389000000000124e+00 3.697247200000000333e+01
4.273693999999999882e+00 3.995744400000000240e+01 4.273722000000000243e+00 3.995830600000000032e+01
4.273722000000000243e+00 3.995830600000000032e+01 4.279111000000000331e+00 3.996872199999999964e+01
4.279111000000000331e+00 3.996872199999999964e+01 4.273693999999999882e+00 3.995744400000000240e+01
8.496221999999999497e+00 3.907249999999999801e+01 8.496221999999999497e+00 3.907416700000000276e+01
8.496221999999999497e+00 3.907416700000000276e+01 8.502534000000000702e+00 3.908074200000000076e+01
8.502534000000000702e+00 3.908074200000000076e+01 8.496221999999999497e+00 3.907249999999999801e+01
4.282055999999999862e+00 3.980250000000000199e+01 4.282083000000000084e+00 3.980413899999999927e+01
4.282083000000000084e+00 3.980413899999999927e+01 4.297888999999999626e+00 3.980083299999999724e+01
4.297888999999999626e+00 3.980083299999999724e+01 4.282055999999999862e+00 3.980250000000000199e+01
8.497056000000000608e+00 3.906163899999999956e+01 8.497028000000000247e+00 3.906247199999999964e+01
8.497028000000000247e+00 3.906247199999999964e+01 8.508722000000000563e+00 3.906080599999999947e+01
8.508722000000000563e+00 3.906080599999999947e+01 8.497056000000000608e+00 3.906163899999999956e+01
