3.299819399999999803e+01 3.456786100000000062e+01 3.299652799999999786e+01 3.456786100000000062e+01
3.299652799999999786e+01 3.456786100000000062e+01 3.297569399999999717e+01 3.457283300000000281e+01
3.297569399999999717e+01 3.457283300000000281e+01 3.296738899999999717e+01 3.457033299999999798e+01
3.296738899999999717e+01 3.457033299999999798e+01 3.296655599999999708e+01 3.456700000000000017e+01
3.296655599999999708e+01 3.456700000000000017e+01 3.294488900000000342e+01 3.456949999999999790e+01
3.294488900000000342e+01 3.456949999999999790e+01 3.293399999999999750e+01 3.456533300000000253e+01
3.293399999999999750e+01 3.456533300000000253e+01 3.293277799999999900e+01 3.456911099999999948e+01
3.293277799999999900e+01 3.456911099999999948e+01 3.294030599999999964e+01 3.457408300000000168e+01
3.294030599999999964e+01 3.457408300000000168e+01 3.293947200000000208e+01 3.458411100000000005e+01
3.293947200000000208e+01 3.458411100000000005e+01 3.293613899999999717e+01 3.458491699999999724e+01
3.293613899999999717e+01 3.458491699999999724e+01 3.293863900000000200e+01 3.458994400000000269e+01
3.293863900000000200e+01 3.458994400000000269e+01 3.293530599999999708e+01 3.459161100000000033e+01
3.293530599999999708e+01 3.459161100000000033e+01 3.292363900000000143e+01 3.461908300000000338e+01
3.292363900000000143e+01 3.461908300000000338e+01 3.290652800000000155e+01 3.464119399999999871e+01
3.290652800000000155e+01 3.464119399999999871e+01 3.289902800000000127e+01 3.464369400000000354e+01
3.289902800000000127e+01 3.464369400000000354e+01 3.288402800000000070e+01 3.466033300000000139e+01
3.288402800000000070e+01 3.466033300000000139e+01 3.287238899999999830e+01 3.466702800000000195e+01
3.287238899999999830e+01 3.466702800000000195e+01 3.286241700000000066e+01 3.466449999999999676e+01
3.286241700000000066e+01 3.466449999999999676e+01 3.284986099999999709e+01 3.466952799999999968e+01
3.284986099999999709e+01 3.466952799999999968e+01 3.284405600000000192e+01 3.466202799999999939e+01
3.284405600000000192e+01 3.466202799999999939e+01 3.283405599999999680e+01 3.466619399999999729e+01
3.283405599999999680e+01 3.466619399999999729e+01 3.282491699999999923e+01 3.466616700000000151e+01
3.282491699999999923e+01 3.466616700000000151e+01 3.282069400000000314e+01 3.466205599999999976e+01
3.282069400000000314e+01 3.466205599999999976e+01 3.281155600000000305e+01 3.466288899999999984e+01
3.281155600000000305e+01 3.466288899999999984e+01 3.280822200000000066e+01 3.466036100000000175e+01
3.280822200000000066e+01 3.466036100000000175e+01 3.279152799999999957e+01 3.466372199999999992e+01
3.279152799999999957e+01 3.466372199999999992e+01 3.277488900000000172e+01 3.465533299999999883e+01
3.277488900000000172e+01 3.465533299999999883e+01 3.276236099999999851e+01 3.465702799999999684e+01
3.276236099999999851e+01 3.465702799999999684e+01 3.275822200000000350e+01 3.465036099999999664e+01
3.275822200000000350e+01 3.465036099999999664e+01 3.275238900000000086e+01 3.465036099999999664e+01
3.275238900000000086e+01 3.465036099999999664e+01 3.274575000000000102e+01 3.464536100000000118e+01
3.274575000000000102e+01 3.464536100000000118e+01 3.272238899999999973e+01 3.464869399999999899e+01
3.272238899999999973e+01 3.464869399999999899e+01 3.271736099999999681e+01 3.464038899999999899e+01
3.271736099999999681e+01 3.464038899999999899e+01 3.270322199999999668e+01 3.463952799999999854e+01
3.270322199999999668e+01 3.463952799999999854e+01 3.268075000000000330e+01 3.465036099999999664e+01
3.268075000000000330e+01 3.465036099999999664e+01 3.266155599999999737e+01 3.465202800000000138e+01
3.266155599999999737e+01 3.465202800000000138e+01 3.263405600000000106e+01 3.466369399999999956e+01
3.263405600000000106e+01 3.466369399999999956e+01 3.262741700000000122e+01 3.466286099999999948e+01
3.262741700000000122e+01 3.466286099999999948e+01 3.261075000000000301e+01 3.466786100000000204e+01
3.261075000000000301e+01 3.466786100000000204e+01 3.259155599999999708e+01 3.468119399999999786e+01
3.259155599999999708e+01 3.468119399999999786e+01 3.257572199999999896e+01 3.468538900000000069e+01
3.257572199999999896e+01 3.468538900000000069e+01 3.256405600000000078e+01 3.469202800000000053e+01
3.256405600000000078e+01 3.469202800000000053e+01 3.256241700000000350e+01 3.470038900000000126e+01
3.256241700000000350e+01 3.470038900000000126e+01 3.255986099999999794e+01 3.469452799999999826e+01
3.255986099999999794e+01 3.469452799999999826e+01 3.254738900000000257e+01 3.469622199999999879e+01
3.254738900000000257e+01 3.469622199999999879e+01 3.254236099999999965e+01 3.469958299999999696e+01
3.254236099999999965e+01 3.469958299999999696e+01 3.253074999999999761e+01 3.469700000000000273e+01
3.253074999999999761e+01 3.469700000000000273e+01 3.251819400000000115e+01 3.470616700000000066e+01
3.251819400000000115e+01 3.470616700000000066e+01 3.251069400000000087e+01 3.470786100000000118e+01
3.251069400000000087e+01 3.470786100000000118e+01 3.249319400000000257e+01 3.470286099999999863e+01
3.249319400000000257e+01 3.470286099999999863e+01 3.248738900000000029e+01 3.470955599999999919e+01
3.248738900000000029e+01 3.470955599999999919e+01 3.247908300000000281e+01 3.471036099999999891e+01
3.247908300000000281e+01 3.471036099999999891e+01 3.247236099999999936e+01 3.471869399999999928e+01
3.247236099999999936e+01 3.471869399999999928e+01 3.244986099999999851e+01 3.473372200000000021e+01
3.244986099999999851e+01 3.473372200000000021e+01 3.243488899999999830e+01 3.473369399999999985e+01
3.243488899999999830e+01 3.473369399999999985e+01 3.243361099999999908e+01 3.473827800000000110e+01
3.243361099999999908e+01 3.473827800000000110e+01 3.242572200000000038e+01 3.474202799999999769e+01
3.242572200000000038e+01 3.474202799999999769e+01 3.241655599999999993e+01 3.475372200000000333e+01
3.241655599999999993e+01 3.475372200000000333e+01 3.240075000000000216e+01 3.475288900000000325e+01
3.240075000000000216e+01 3.475288900000000325e+01 3.240613900000000314e+01 3.476494399999999985e+01
3.240613900000000314e+01 3.476494399999999985e+01 3.240116700000000094e+01 3.478330600000000317e+01
3.240116700000000094e+01 3.478330600000000317e+01 3.239822199999999697e+01 3.478786099999999948e+01
3.239822199999999697e+01 3.478786099999999948e+01 3.239277799999999985e+01 3.478911099999999834e+01
3.239277799999999985e+01 3.478911099999999834e+01 3.239366700000000066e+01 3.481327799999999684e+01
3.239366700000000066e+01 3.481327799999999684e+01 3.239116700000000293e+01 3.482074999999999676e+01
3.239116700000000293e+01 3.482074999999999676e+01 3.238700000000000045e+01 3.482247199999999765e+01
3.238700000000000045e+01 3.482247199999999765e+01 3.239030600000000248e+01 3.483330600000000032e+01
3.239030600000000248e+01 3.483330600000000032e+01 3.238700000000000045e+01 3.483991699999999980e+01
3.238700000000000045e+01 3.483991699999999980e+01 3.237902799999999814e+01 3.484783300000000139e+01
3.237902799999999814e+01 3.484783300000000139e+01 3.236902800000000013e+01 3.484619399999999700e+01
3.236902800000000013e+01 3.484619399999999700e+01 3.236736100000000249e+01 3.485452800000000195e+01
3.236736100000000249e+01 3.485452800000000195e+01 3.236155600000000021e+01 3.485033299999999912e+01
3.236155600000000021e+01 3.485033299999999912e+01 3.236069400000000229e+01 3.485616699999999923e+01
3.236069400000000229e+01 3.485616699999999923e+01 3.235569399999999973e+01 3.485699999999999932e+01
3.235569399999999973e+01 3.485699999999999932e+01 3.235402799999999957e+01 3.485452800000000195e+01
3.235402799999999957e+01 3.485452800000000195e+01 3.234488900000000200e+01 3.485866699999999696e+01
3.234488900000000200e+01 3.485866699999999696e+01 3.233944400000000030e+01 3.487163900000000183e+01
3.233944400000000030e+01 3.487163900000000183e+01 3.233197200000000038e+01 3.487741700000000122e+01
3.233197200000000038e+01 3.487741700000000122e+01 3.233191699999999713e+01 3.488327799999999712e+01
3.233191699999999713e+01 3.488327799999999712e+01 3.231363900000000200e+01 3.489994399999999786e+01
3.231363900000000200e+01 3.489994399999999786e+01 3.232363900000000001e+01 3.490997200000000333e+01
3.232363900000000001e+01 3.490997200000000333e+01 3.232444399999999973e+01 3.492244399999999871e+01
3.232444399999999973e+01 3.492244399999999871e+01 3.230949999999999989e+01 3.494830600000000231e+01
3.230949999999999989e+01 3.494830600000000231e+01 3.230652800000000013e+01 3.494622199999999879e+01
3.230652800000000013e+01 3.494622199999999879e+01 3.229944400000000115e+01 3.494997200000000248e+01
3.229944400000000115e+01 3.494997200000000248e+01 3.229944400000000115e+01 3.495827799999999996e+01
3.229944400000000115e+01 3.495827799999999996e+01 3.230738900000000058e+01 3.495786100000000118e+01
3.230738900000000058e+01 3.495786100000000118e+01 3.231116699999999753e+01 3.496330600000000288e+01
3.231116699999999753e+01 3.496330600000000288e+01 3.230694400000000144e+01 3.496999999999999886e+01
3.230694400000000144e+01 3.496999999999999886e+01 3.231191700000000111e+01 3.498158300000000054e+01
3.231191700000000111e+01 3.498158300000000054e+01 3.230866699999999980e+01 3.498747199999999680e+01
3.230866699999999980e+01 3.498747199999999680e+01 3.231027799999999672e+01 3.499663900000000183e+01
3.231027799999999672e+01 3.499663900000000183e+01 3.230163900000000154e+01 3.501041699999999679e+01
3.230163900000000154e+01 3.501041699999999679e+01 3.229330600000000118e+01 3.501705599999999663e+01
3.229330600000000118e+01 3.501705599999999663e+01 3.228786099999999948e+01 3.501669400000000110e+01
3.228786099999999948e+01 3.501669400000000110e+01 3.228372199999999737e+01 3.502833300000000349e+01
3.228372199999999737e+01 3.502833300000000349e+01 3.227372199999999935e+01 3.503583299999999667e+01
3.227372199999999935e+01 3.503583299999999667e+01 3.227541699999999736e+01 3.504083299999999923e+01
3.227541699999999736e+01 3.504083299999999923e+01 3.227041700000000191e+01 3.504500000000000171e+01
3.227041700000000191e+01 3.504500000000000171e+01 3.227208300000000207e+01 3.505336100000000243e+01
3.227208300000000207e+01 3.505336100000000243e+01 3.226788899999999671e+01 3.507163899999999757e+01
3.226788899999999671e+01 3.507163899999999757e+01 3.227374999999999972e+01 3.509413899999999842e+01
3.227374999999999972e+01 3.509413899999999842e+01 3.228249999999999886e+01 3.510541700000000276e+01
3.228249999999999886e+01 3.510541700000000276e+01 3.228669399999999712e+01 3.510538900000000240e+01
3.228669399999999712e+01 3.510538900000000240e+01 3.230205600000000032e+01 3.509333300000000122e+01
3.230205600000000032e+01 3.509333300000000122e+01 3.230499999999999972e+01 3.508205600000000146e+01
3.230499999999999972e+01 3.508205600000000146e+01 3.233163900000000268e+01 3.506869400000000070e+01
3.233163900000000268e+01 3.506869400000000070e+01 3.235497199999999651e+01 3.504958299999999838e+01
3.235497199999999651e+01 3.504958299999999838e+01 3.237913900000000211e+01 3.504124999999999801e+01
3.237913900000000211e+01 3.504124999999999801e+01 3.240580599999999833e+01 3.504038899999999757e+01
3.240580599999999833e+01 3.504038899999999757e+01 3.244166700000000247e+01 3.505208300000000321e+01
3.244166700000000247e+01 3.505208300000000321e+01 3.247669400000000195e+01 3.507369400000000326e+01
3.247669400000000195e+01 3.507369400000000326e+01 3.250455600000000089e+01 3.510750000000000171e+01
3.250455600000000089e+01 3.510750000000000171e+01 3.252202799999999883e+01 3.514413900000000268e+01
3.252202799999999883e+01 3.514413900000000268e+01 3.254036099999999720e+01 3.515413900000000069e+01
3.254036099999999720e+01 3.515413900000000069e+01 3.255002799999999752e+01 3.517622200000000277e+01
3.255002799999999752e+01 3.517622200000000277e+01 3.255497199999999935e+01 3.517622200000000277e+01
3.255497199999999935e+01 3.517622200000000277e+01 3.255994400000000155e+01 3.517041700000000048e+01
3.255994400000000155e+01 3.517041700000000048e+01 3.257249999999999801e+01 3.517038900000000012e+01
3.257249999999999801e+01 3.517038900000000012e+01 3.258827800000000252e+01 3.517875000000000085e+01
3.258827800000000252e+01 3.517875000000000085e+01 3.260913899999999899e+01 3.518122199999999822e+01
3.260913899999999899e+01 3.518122199999999822e+01 3.262247200000000191e+01 3.519375000000000142e+01
3.262247200000000191e+01 3.519375000000000142e+01 3.262827800000000167e+01 3.518952800000000281e+01
3.262827800000000167e+01 3.518952800000000281e+01 3.263497199999999765e+01 3.518955600000000317e+01
3.263497199999999765e+01 3.518955600000000317e+01 3.264750000000000085e+01 3.519622199999999879e+01
3.264750000000000085e+01 3.519622199999999879e+01 3.266166700000000134e+01 3.519288900000000098e+01
3.266166700000000134e+01 3.519288900000000098e+01 3.266752799999999723e+01 3.519455599999999862e+01
3.266752799999999723e+01 3.519455599999999862e+01 3.267249999999999943e+01 3.518874999999999886e+01
3.267249999999999943e+01 3.518874999999999886e+01 3.268994399999999700e+01 3.518455600000000061e+01
3.268994399999999700e+01 3.518455600000000061e+01 3.270752800000000349e+01 3.518538900000000069e+01
3.270752800000000349e+01 3.518538900000000069e+01 3.272663899999999870e+01 3.517961100000000130e+01
3.272663899999999870e+01 3.517961100000000130e+01 3.273744400000000354e+01 3.518036099999999777e+01
3.273744400000000354e+01 3.518036099999999777e+01 3.274333299999999980e+01 3.517452800000000224e+01
3.274333299999999980e+01 3.517452800000000224e+01 3.278416699999999651e+01 3.516208300000000264e+01
3.278416699999999651e+01 3.516208300000000264e+01 3.279330600000000118e+01 3.515294399999999797e+01
3.279330600000000118e+01 3.515294399999999797e+01 3.281416699999999764e+01 3.514705599999999919e+01
3.281416699999999764e+01 3.514705599999999919e+01 3.282583300000000293e+01 3.514038899999999899e+01
3.282583300000000293e+01 3.514038899999999899e+01 3.285161099999999834e+01 3.514791699999999963e+01
3.285161099999999834e+01 3.514791699999999963e+01 3.286916699999999736e+01 3.516041700000000247e+01
3.286916699999999736e+01 3.516041700000000247e+01 3.288497199999999765e+01 3.516369399999999956e+01
3.288497199999999765e+01 3.516369399999999956e+01 3.290119399999999672e+01 3.517916699999999963e+01
3.290119399999999672e+01 3.517916699999999963e+01 3.291541699999999793e+01 3.520416699999999821e+01
3.291541699999999793e+01 3.520416699999999821e+01 3.293288900000000297e+01 3.525416700000000247e+01
3.293288900000000297e+01 3.525416700000000247e+01 3.293955600000000317e+01 3.529166699999999679e+01
3.293955600000000317e+01 3.529166699999999679e+01 3.293869399999999814e+01 3.530997200000000191e+01
3.293869399999999814e+01 3.530997200000000191e+01 3.293458300000000349e+01 3.532000000000000028e+01
3.293458300000000349e+01 3.532000000000000028e+01 3.293455600000000061e+01 3.534330599999999833e+01
3.293455600000000061e+01 3.534330599999999833e+01 3.293252799999999780e+01 3.534788900000000211e+01
3.293252799999999780e+01 3.534788900000000211e+01 3.292538900000000268e+01 3.535000000000000142e+01
3.292538900000000268e+01 3.535000000000000142e+01 3.292125000000000057e+01 3.535836100000000215e+01
3.292125000000000057e+01 3.535836100000000215e+01 3.292038900000000012e+01 3.538830600000000004e+01
3.292038900000000012e+01 3.538830600000000004e+01 3.292291699999999821e+01 3.539169400000000110e+01
3.292291699999999821e+01 3.539169400000000110e+01 3.291994400000000098e+01 3.540455599999999947e+01
3.291994400000000098e+01 3.540455599999999947e+01 3.294744399999999729e+01 3.539122199999999907e+01
3.294744399999999729e+01 3.539122199999999907e+01 3.296752800000000150e+01 3.538791700000000162e+01
3.296752800000000150e+01 3.538791700000000162e+01 3.298827800000000110e+01 3.537041700000000333e+01
3.298827800000000110e+01 3.537041700000000333e+01 3.299583299999999753e+01 3.537127799999999667e+01
3.299583299999999753e+01 3.537127799999999667e+01 3.300747199999999992e+01 3.536788899999999813e+01
3.300747199999999992e+01 3.536788899999999813e+01 3.302922199999999719e+01 3.536955600000000288e+01
3.302922199999999719e+01 3.536955600000000288e+01 3.304669400000000223e+01 3.536044400000000110e+01
3.304669400000000223e+01 3.536044400000000110e+01 3.305583299999999980e+01 3.536044400000000110e+01
3.305583299999999980e+01 3.536044400000000110e+01 3.306088900000000308e+01 3.535705600000000004e+01
3.306088900000000308e+01 3.535705600000000004e+01 3.309422200000000203e+01 3.535541700000000276e+01
3.309422200000000203e+01 3.535541700000000276e+01 3.311338899999999796e+01 3.536955600000000288e+01
3.311338899999999796e+01 3.536955600000000288e+01 3.311833299999999980e+01 3.536541700000000077e+01
3.311833299999999980e+01 3.536541700000000077e+01 3.313086100000000300e+01 3.536541700000000077e+01
3.313086100000000300e+01 3.536541700000000077e+01 3.313580600000000231e+01 3.536122199999999793e+01
3.313580600000000231e+01 3.536122199999999793e+01 3.315419399999999683e+01 3.535541700000000276e+01
3.315419399999999683e+01 3.535541700000000276e+01 3.317836100000000243e+01 3.535122199999999992e+01
3.317836100000000243e+01 3.535122199999999992e+01 3.319086099999999817e+01 3.535536100000000204e+01
3.319086099999999817e+01 3.535536100000000204e+01 3.319669400000000081e+01 3.536038899999999785e+01
3.319669400000000081e+01 3.536038899999999785e+01 3.320583299999999838e+01 3.535705600000000004e+01
3.320583299999999838e+01 3.535705600000000004e+01 3.321583300000000349e+01 3.535791700000000048e+01
3.321583300000000349e+01 3.535791700000000048e+01 3.322252799999999695e+01 3.535205599999999748e+01
3.322252799999999695e+01 3.535205599999999748e+01 3.324166699999999963e+01 3.534622199999999737e+01
3.324166699999999963e+01 3.534622199999999737e+01 3.325166699999999764e+01 3.534786100000000175e+01
3.325166699999999764e+01 3.534786100000000175e+01 3.325502800000000292e+01 3.535291699999999793e+01
3.325502800000000292e+01 3.535291699999999793e+01 3.327086099999999647e+01 3.534702800000000167e+01
3.327086099999999647e+01 3.534702800000000167e+01 3.328499999999999659e+01 3.535038899999999984e+01
3.328499999999999659e+01 3.535038899999999984e+01 3.329002799999999951e+01 3.534869400000000184e+01
3.329002799999999951e+01 3.534869400000000184e+01 3.328961100000000073e+01 3.535161099999999834e+01
3.328961100000000073e+01 3.535161099999999834e+01 3.329255599999999760e+01 3.535208300000000037e+01
3.329255599999999760e+01 3.535208300000000037e+01 3.329588900000000251e+01 3.534622199999999737e+01
3.329588900000000251e+01 3.534622199999999737e+01 3.330913900000000183e+01 3.534286099999999919e+01
3.330913900000000183e+01 3.534286099999999919e+01 3.332922200000000146e+01 3.534375000000000000e+01
3.332922200000000146e+01 3.534375000000000000e+01 3.333505600000000157e+01 3.533955600000000175e+01
3.333505600000000157e+01 3.533955600000000175e+01 3.336086099999999988e+01 3.533958299999999753e+01
3.336086099999999988e+01 3.533958299999999753e+01 3.336502800000000235e+01 3.533624999999999972e+01
3.336502800000000235e+01 3.533624999999999972e+01 3.337416699999999992e+01 3.533622199999999935e+01
3.337416699999999992e+01 3.533622199999999935e+01 3.337502800000000036e+01 3.534038900000000183e+01
3.337502800000000036e+01 3.534038900000000183e+01 3.337916700000000247e+01 3.534038900000000183e+01
3.337916700000000247e+01 3.534038900000000183e+01 3.338333300000000037e+01 3.533624999999999972e+01
3.338333300000000037e+01 3.533624999999999972e+01 3.338752800000000320e+01 3.533788899999999700e+01
3.338752800000000320e+01 3.533788899999999700e+01 3.340505600000000186e+01 3.533452799999999883e+01
3.340505600000000186e+01 3.533452799999999883e+01 3.341086099999999703e+01 3.533702799999999655e+01
3.341086099999999703e+01 3.533702799999999655e+01 3.341505599999999987e+01 3.533375000000000199e+01
3.341505599999999987e+01 3.533375000000000199e+01 3.344419400000000309e+01 3.533622199999999935e+01
3.344419400000000309e+01 3.533622199999999935e+01 3.344749999999999801e+01 3.533872199999999708e+01
3.344749999999999801e+01 3.533872199999999708e+01 3.348416699999999935e+01 3.533455599999999919e+01
3.348416699999999935e+01 3.533455599999999919e+01 3.349752800000000263e+01 3.534036100000000147e+01
3.349752800000000263e+01 3.534036100000000147e+01 3.351338899999999654e+01 3.534041700000000219e+01
3.351338899999999654e+01 3.534041700000000219e+01 3.353588899999999740e+01 3.534872200000000220e+01
3.353588899999999740e+01 3.534872200000000220e+01 3.353922200000000231e+01 3.534538899999999728e+01
3.353922200000000231e+01 3.534538899999999728e+01 3.354999999999999716e+01 3.534872200000000220e+01
3.354999999999999716e+01 3.534872200000000220e+01 3.356669399999999825e+01 3.534788900000000211e+01
3.356669399999999825e+01 3.534788900000000211e+01 3.359002799999999667e+01 3.535538900000000240e+01
3.359002799999999667e+01 3.535538900000000240e+01 3.359505599999999959e+01 3.535452800000000195e+01
3.359505599999999959e+01 3.535452800000000195e+01 3.360755600000000243e+01 3.536200000000000188e+01
3.360755600000000243e+01 3.536200000000000188e+01 3.361336099999999760e+01 3.535619400000000212e+01
3.361336099999999760e+01 3.535619400000000212e+01 3.363586099999999846e+01 3.536202800000000224e+01
3.363586099999999846e+01 3.536202800000000224e+01 3.363916700000000048e+01 3.535869399999999985e+01
3.363916700000000048e+01 3.535869399999999985e+01 3.364672199999999691e+01 3.535872200000000021e+01
3.364672199999999691e+01 3.535872200000000021e+01 3.365752799999999922e+01 3.536202800000000224e+01
3.365752799999999922e+01 3.536202800000000224e+01 3.365502800000000150e+01 3.536536100000000005e+01
3.365502800000000150e+01 3.536536100000000005e+01 3.366252800000000178e+01 3.536705599999999805e+01
3.366252800000000178e+01 3.536705599999999805e+01 3.366125000000000256e+01 3.536413900000000154e+01
3.366125000000000256e+01 3.536413900000000154e+01 3.366499999999999915e+01 3.536372200000000277e+01
3.366499999999999915e+01 3.536372200000000277e+01 3.367083300000000179e+01 3.536786099999999777e+01
3.367083300000000179e+01 3.536786099999999777e+01 3.368505600000000300e+01 3.537036100000000260e+01
3.368505600000000300e+01 3.537036100000000260e+01 3.370502799999999866e+01 3.538288899999999870e+01
3.370502799999999866e+01 3.538288899999999870e+01 3.370836099999999647e+01 3.538872200000000134e+01
3.370836099999999647e+01 3.538872200000000134e+01 3.372005599999999959e+01 3.539122199999999907e+01
3.372005599999999959e+01 3.539122199999999907e+01 3.372422199999999748e+01 3.539625000000000199e+01
3.372422199999999748e+01 3.539625000000000199e+01 3.373002799999999723e+01 3.539619400000000127e+01
3.373002799999999723e+01 3.539619400000000127e+01 3.373422200000000259e+01 3.540286100000000147e+01
3.373422200000000259e+01 3.540286100000000147e+01 3.374169400000000252e+01 3.540288900000000183e+01
3.374169400000000252e+01 3.540288900000000183e+01 3.375422199999999862e+01 3.541036100000000175e+01
3.375422199999999862e+01 3.541036100000000175e+01 3.376588900000000137e+01 3.541122200000000220e+01
3.376588900000000137e+01 3.541122200000000220e+01 3.377174999999999727e+01 3.541536099999999720e+01
3.377174999999999727e+01 3.541536099999999720e+01 3.384922199999999748e+01 3.541369399999999956e+01
3.384922199999999748e+01 3.541369399999999956e+01 3.387838899999999853e+01 3.542119399999999985e+01
3.387838899999999853e+01 3.542119399999999985e+01 3.389000000000000057e+01 3.542788900000000041e+01
3.389000000000000057e+01 3.542788900000000041e+01 3.390008300000000219e+01 3.542705600000000032e+01
3.390008300000000219e+01 3.542705600000000032e+01 3.390333300000000349e+01 3.543036099999999777e+01
3.390333300000000349e+01 3.543036099999999777e+01 3.391255600000000214e+01 3.543033299999999741e+01
3.391255600000000214e+01 3.543033299999999741e+01 3.392008299999999821e+01 3.543286100000000260e+01
3.392008299999999821e+01 3.543286100000000260e+01 3.392166699999999935e+01 3.543788899999999842e+01
3.392166699999999935e+01 3.543788899999999842e+01 3.393416700000000219e+01 3.543619400000000041e+01
3.393416700000000219e+01 3.543619400000000041e+01 3.395341700000000174e+01 3.544702800000000309e+01
3.395341700000000174e+01 3.544702800000000309e+01 3.396505599999999703e+01 3.544452799999999826e+01
3.396505599999999703e+01 3.544452799999999826e+01 3.397586100000000187e+01 3.544702800000000309e+01
3.397586100000000187e+01 3.544702800000000309e+01 3.398919399999999769e+01 3.545705600000000146e+01
3.398919399999999769e+01 3.545705600000000146e+01 3.401244400000000212e+01 3.545961100000000243e+01
3.401244400000000212e+01 3.545961100000000243e+01 3.403163899999999842e+01 3.547122199999999737e+01
3.403163899999999842e+01 3.547122199999999737e+01 3.403750000000000142e+01 3.547038899999999728e+01
3.403750000000000142e+01 3.547038899999999728e+01 3.404999999999999716e+01 3.547455599999999976e+01
3.404999999999999716e+01 3.547455599999999976e+01 3.405663899999999700e+01 3.548291700000000048e+01
3.405663899999999700e+01 3.548291700000000048e+01 3.406250000000000000e+01 3.548208300000000293e+01
3.406250000000000000e+01 3.548208300000000293e+01 3.407411100000000204e+01 3.548791700000000304e+01
3.407411100000000204e+01 3.548791700000000304e+01 3.408411100000000005e+01 3.549705600000000061e+01
3.408411100000000005e+01 3.549705600000000061e+01 3.409333300000000122e+01 3.549536100000000260e+01
3.409333300000000122e+01 3.549536100000000260e+01 3.410411100000000317e+01 3.550041699999999878e+01
3.410411100000000317e+01 3.550041699999999878e+01 3.412663899999999728e+01 3.550455600000000089e+01
3.412663899999999728e+01 3.550455600000000089e+01 3.414666700000000077e+01 3.552872200000000191e+01
3.414666700000000077e+01 3.552872200000000191e+01 3.415541699999999992e+01 3.553330600000000317e+01
3.415541699999999992e+01 3.553330600000000317e+01 3.415916699999999651e+01 3.554124999999999801e+01
3.415916699999999651e+01 3.554124999999999801e+01 3.417077799999999854e+01 3.554541700000000048e+01
3.417077799999999854e+01 3.554541700000000048e+01 3.417625000000000313e+01 3.555080600000000146e+01
3.417625000000000313e+01 3.555080600000000146e+01 3.417625000000000313e+01 3.555997200000000191e+01
3.417625000000000313e+01 3.555997200000000191e+01 3.418080599999999691e+01 3.556374999999999886e+01
3.418080599999999691e+01 3.556374999999999886e+01 3.418997199999999737e+01 3.556372199999999850e+01
3.418997199999999737e+01 3.556372199999999850e+01 3.419661099999999720e+01 3.555788900000000297e+01
3.419661099999999720e+01 3.555788900000000297e+01 3.420830600000000032e+01 3.555794399999999911e+01
3.420830600000000032e+01 3.555794399999999911e+01 3.421244399999999786e+01 3.556286099999999806e+01
3.421244399999999786e+01 3.556286099999999806e+01 3.421580600000000061e+01 3.556288899999999842e+01
3.421580600000000061e+01 3.556288899999999842e+01 3.421916699999999878e+01 3.555708299999999866e+01
3.421916699999999878e+01 3.555708299999999866e+01 3.422288900000000211e+01 3.555749999999999744e+01
3.422288900000000211e+01 3.555749999999999744e+01 3.422208299999999781e+01 3.556083300000000236e+01
3.422208299999999781e+01 3.556083300000000236e+01 3.422583300000000150e+01 3.556291699999999878e+01
3.422583300000000150e+01 3.556291699999999878e+01 3.422749999999999915e+01 3.555791700000000333e+01
3.422749999999999915e+01 3.555791700000000333e+01 3.424247199999999935e+01 3.556038900000000069e+01
3.424247199999999935e+01 3.556038900000000069e+01 3.425452800000000053e+01 3.557000000000000028e+01
3.425452800000000053e+01 3.557000000000000028e+01 3.425330600000000203e+01 3.557208299999999923e+01
3.425330600000000203e+01 3.557208299999999923e+01 3.426661099999999749e+01 3.557124999999999915e+01
3.426661099999999749e+01 3.557124999999999915e+01 3.426997200000000277e+01 3.557538900000000126e+01
3.426997200000000277e+01 3.557538900000000126e+01 3.427330599999999805e+01 3.557374999999999687e+01
3.427330599999999805e+01 3.557374999999999687e+01 3.428413900000000325e+01 3.558038899999999671e+01
3.428413900000000325e+01 3.558038899999999671e+01 3.428666700000000134e+01 3.557705599999999890e+01
3.428666700000000134e+01 3.557705599999999890e+01 3.429577799999999854e+01 3.557786099999999863e+01
3.429577799999999854e+01 3.557786099999999863e+01 3.430997200000000191e+01 3.558788899999999700e+01
3.430997200000000191e+01 3.558788899999999700e+01 3.432413900000000240e+01 3.559288899999999956e+01
3.432413900000000240e+01 3.559288899999999956e+01 3.433080600000000260e+01 3.560541700000000276e+01
3.433080600000000260e+01 3.560541700000000276e+01 3.433747199999999822e+01 3.560208300000000037e+01
3.433747199999999822e+01 3.560208300000000037e+01 3.434875000000000256e+01 3.561083299999999952e+01
3.434875000000000256e+01 3.561083299999999952e+01 3.435080599999999862e+01 3.562461100000000158e+01
3.435080599999999862e+01 3.562461100000000158e+01 3.437330599999999947e+01 3.562791699999999651e+01
3.437330599999999947e+01 3.562791699999999651e+01 3.437994400000000184e+01 3.563458299999999923e+01
3.437994400000000184e+01 3.563458299999999923e+01 3.439086100000000101e+01 3.563708299999999696e+01
3.439086100000000101e+01 3.563708299999999696e+01 3.441497199999999879e+01 3.563708299999999696e+01
3.441497199999999879e+01 3.563708299999999696e+01 3.442002800000000207e+01 3.564458299999999724e+01
3.442002800000000207e+01 3.564458299999999724e+01 3.442577800000000110e+01 3.564458299999999724e+01
3.442577800000000110e+01 3.564458299999999724e+01 3.444416700000000020e+01 3.565708300000000008e+01
3.444416700000000020e+01 3.565708300000000008e+01 3.446080599999999805e+01 3.565788899999999728e+01
3.446080599999999805e+01 3.565788899999999728e+01 3.446249999999999858e+01 3.565455599999999947e+01
3.446249999999999858e+01 3.565455599999999947e+01 3.446913899999999842e+01 3.565375000000000227e+01
3.446913899999999842e+01 3.565375000000000227e+01 3.448583299999999952e+01 3.566119400000000184e+01
3.448583299999999952e+01 3.566119400000000184e+01 3.449747200000000191e+01 3.566036100000000175e+01
3.449747200000000191e+01 3.566036100000000175e+01 3.450958299999999923e+01 3.567000000000000171e+01
3.450958299999999923e+01 3.567000000000000171e+01 3.451077800000000195e+01 3.567788900000000041e+01
3.451077800000000195e+01 3.567788900000000041e+01 3.451661099999999749e+01 3.567872200000000049e+01
3.451661099999999749e+01 3.567872200000000049e+01 3.452083300000000321e+01 3.567125000000000057e+01
3.452083300000000321e+01 3.567125000000000057e+01 3.452997200000000078e+01 3.567208300000000065e+01
3.452997200000000078e+01 3.567208300000000065e+01 3.453830599999999862e+01 3.567875000000000085e+01
3.453830599999999862e+01 3.567875000000000085e+01 3.454336099999999732e+01 3.567875000000000085e+01
3.454336099999999732e+01 3.567875000000000085e+01 3.454208299999999809e+01 3.568161099999999664e+01
3.454208299999999809e+01 3.568161099999999664e+01 3.454958299999999838e+01 3.568494400000000155e+01
3.454958299999999838e+01 3.568494400000000155e+01 3.454994400000000354e+01 3.568958299999999895e+01
3.454994400000000354e+01 3.568958299999999895e+01 3.459416699999999878e+01 3.569708299999999923e+01
3.459416699999999878e+01 3.569708299999999923e+01 3.458369400000000127e+01 3.568244399999999672e+01
3.458369400000000127e+01 3.568244399999999672e+01 3.458455599999999919e+01 3.567333299999999952e+01
3.458455599999999919e+01 3.567333299999999952e+01 3.457874999999999943e+01 3.566666699999999679e+01
3.457874999999999943e+01 3.566666699999999679e+01 3.458286100000000118e+01 3.566161100000000062e+01
3.458286100000000118e+01 3.566161100000000062e+01 3.458122199999999680e+01 3.565666699999999878e+01
3.458122199999999680e+01 3.565666699999999878e+01 3.456827799999999939e+01 3.564041699999999935e+01
3.456827799999999939e+01 3.564041699999999935e+01 3.456080599999999947e+01 3.564205599999999663e+01
3.456080599999999947e+01 3.564205599999999663e+01 3.453991700000000264e+01 3.563955599999999890e+01
3.453991700000000264e+01 3.563955599999999890e+01 3.453663900000000098e+01 3.563291699999999906e+01
3.453663900000000098e+01 3.563291699999999906e+01 3.453247199999999850e+01 3.563536100000000317e+01
3.453247199999999850e+01 3.563536100000000317e+01 3.451827800000000224e+01 3.563377799999999951e+01
3.451827800000000224e+01 3.563377799999999951e+01 3.450999999999999801e+01 3.562541699999999878e+01
3.450999999999999801e+01 3.562541699999999878e+01 3.450583300000000264e+01 3.562705600000000317e+01
3.450583300000000264e+01 3.562705600000000317e+01 3.450166699999999764e+01 3.562208300000000349e+01
3.450166699999999764e+01 3.562208300000000349e+01 3.447413900000000098e+01 3.561622200000000049e+01
3.447413900000000098e+01 3.561622200000000049e+01 3.447249999999999659e+01 3.561791699999999850e+01
3.447249999999999659e+01 3.561791699999999850e+01 3.446911099999999806e+01 3.561372200000000277e+01
3.446911099999999806e+01 3.561372200000000277e+01 3.444330599999999976e+01 3.560127800000000065e+01
3.444330599999999976e+01 3.560127800000000065e+01 3.443999999999999773e+01 3.559627799999999809e+01
3.443999999999999773e+01 3.559627799999999809e+01 3.443416700000000219e+01 3.559536099999999692e+01
3.443416700000000219e+01 3.559536099999999692e+01 3.442958300000000094e+01 3.559077800000000025e+01
3.442958300000000094e+01 3.559077800000000025e+01 3.442994399999999899e+01 3.558286100000000118e+01
3.442994399999999899e+01 3.558286100000000118e+01 3.442336099999999988e+01 3.558288900000000154e+01
3.442336099999999988e+01 3.558288900000000154e+01 3.442041700000000048e+01 3.557913899999999785e+01
3.442041700000000048e+01 3.557913899999999785e+01 3.441411099999999834e+01 3.555622199999999822e+01
3.441411099999999834e+01 3.555622199999999822e+01 3.440416700000000105e+01 3.555541699999999850e+01
3.440416700000000105e+01 3.555541699999999850e+01 3.439333299999999838e+01 3.554958299999999838e+01
3.439333299999999838e+01 3.554958299999999838e+01 3.438497199999999765e+01 3.553955599999999748e+01
3.438497199999999765e+01 3.553955599999999748e+01 3.436833299999999980e+01 3.553791700000000020e+01
3.436833299999999980e+01 3.553791700000000020e+01 3.436247199999999680e+01 3.553452800000000167e+01
3.436247199999999680e+01 3.553452800000000167e+01 3.435830599999999890e+01 3.552875000000000227e+01
3.435830599999999890e+01 3.552875000000000227e+01 3.434994400000000070e+01 3.552624999999999744e+01
3.434994400000000070e+01 3.552624999999999744e+01 3.434916700000000134e+01 3.552208300000000207e+01
3.434916700000000134e+01 3.552208300000000207e+01 3.434413899999999842e+01 3.552288899999999927e+01
3.434413899999999842e+01 3.552288899999999927e+01 3.434083300000000349e+01 3.551788899999999671e+01
3.434083300000000349e+01 3.551788899999999671e+01 3.432994399999999757e+01 3.551205600000000118e+01
3.432994399999999757e+01 3.551205600000000118e+01 3.431166699999999992e+01 3.549369399999999786e+01
3.431166699999999992e+01 3.549369399999999786e+01 3.429663899999999899e+01 3.548705600000000260e+01
3.429663899999999899e+01 3.548705600000000260e+01 3.429163900000000353e+01 3.548041700000000276e+01
3.429163900000000353e+01 3.548041700000000276e+01 3.424413899999999700e+01 3.546791699999999992e+01
3.424413899999999700e+01 3.546791699999999992e+01 3.422661099999999834e+01 3.545788900000000154e+01
3.422661099999999834e+01 3.545788900000000154e+01 3.418830599999999720e+01 3.544541699999999906e+01
3.418830599999999720e+01 3.544541699999999906e+01 3.414244399999999757e+01 3.541955600000000004e+01
3.414244399999999757e+01 3.541955600000000004e+01 3.411827799999999655e+01 3.539541700000000191e+01
3.411827799999999655e+01 3.539541700000000191e+01 3.408369400000000127e+01 3.536749999999999972e+01
3.408369400000000127e+01 3.536749999999999972e+01 3.408205600000000146e+01 3.535913899999999899e+01
3.408205600000000146e+01 3.535913899999999899e+01 3.408538899999999927e+01 3.535666700000000162e+01
3.408538899999999927e+01 3.535666700000000162e+01 3.408122199999999680e+01 3.535497199999999651e+01
3.408122199999999680e+01 3.535497199999999651e+01 3.407791699999999935e+01 3.534744400000000297e+01
3.407791699999999935e+01 3.534744400000000297e+01 3.407955599999999663e+01 3.534000000000000341e+01
3.407955599999999663e+01 3.534000000000000341e+01 3.406744400000000184e+01 3.532705599999999890e+01
3.406744400000000184e+01 3.532705599999999890e+01 3.403247199999999850e+01 3.532461099999999732e+01
3.403247199999999850e+01 3.532461099999999732e+01 3.401413900000000012e+01 3.532041699999999906e+01
3.401413900000000012e+01 3.532041699999999906e+01 3.399838900000000308e+01 3.532872199999999907e+01
3.399838900000000308e+01 3.532872199999999907e+01 3.398669399999999996e+01 3.532538900000000126e+01
3.398669399999999996e+01 3.532538900000000126e+01 3.397505600000000214e+01 3.532702799999999854e+01
3.397505600000000214e+01 3.532702799999999854e+01 3.394294399999999712e+01 3.530661099999999664e+01
3.394294399999999712e+01 3.530661099999999664e+01 3.393044400000000138e+01 3.528244399999999814e+01
3.393044400000000138e+01 3.528244399999999814e+01 3.392419399999999996e+01 3.527949999999999875e+01
3.392419399999999996e+01 3.527949999999999875e+01 3.391544400000000081e+01 3.526497200000000021e+01
3.391544400000000081e+01 3.526497200000000021e+01 3.390630600000000072e+01 3.525827799999999712e+01
3.390630600000000072e+01 3.525827799999999712e+01 3.390380600000000300e+01 3.525241700000000122e+01
3.390380600000000300e+01 3.525241700000000122e+01 3.390463900000000308e+01 3.522077800000000281e+01
3.390463900000000308e+01 3.522077800000000281e+01 3.390041699999999736e+01 3.520491700000000179e+01
3.390041699999999736e+01 3.520491700000000179e+01 3.390380600000000300e+01 3.519075000000000131e+01
3.390380600000000300e+01 3.519075000000000131e+01 3.391127800000000292e+01 3.517824999999999847e+01
3.391127800000000292e+01 3.517824999999999847e+01 3.390958299999999781e+01 3.517163899999999899e+01
3.390958299999999781e+01 3.517163899999999899e+01 3.391375000000000028e+01 3.516163900000000098e+01
3.391375000000000028e+01 3.516163900000000098e+01 3.392291699999999821e+01 3.515911100000000289e+01
3.392291699999999821e+01 3.515911100000000289e+01 3.393750000000000000e+01 3.513533300000000281e+01
3.393750000000000000e+01 3.513533300000000281e+01 3.394083299999999781e+01 3.513530599999999993e+01
3.394083299999999781e+01 3.513530599999999993e+01 3.395005599999999646e+01 3.512533299999999770e+01
3.395005599999999646e+01 3.512533299999999770e+01 3.395169400000000337e+01 3.512863899999999973e+01
3.395169400000000337e+01 3.512863899999999973e+01 3.395711099999999760e+01 3.512655600000000078e+01
3.395711099999999760e+01 3.512655600000000078e+01 3.395588899999999910e+01 3.512363899999999717e+01
3.395588899999999910e+01 3.512363899999999717e+01 3.395336100000000101e+01 3.512702800000000281e+01
3.395336100000000101e+01 3.512702800000000281e+01 3.395297200000000259e+01 3.512411099999999919e+01
3.395297200000000259e+01 3.512411099999999919e+01 3.395963900000000280e+01 3.512238899999999830e+01
3.395963900000000280e+01 3.512238899999999830e+01 3.396208299999999980e+01 3.510988900000000257e+01
3.396208299999999980e+01 3.510988900000000257e+01 3.399419400000000024e+01 3.507447200000000009e+01
3.399419400000000024e+01 3.507447200000000009e+01 3.399919400000000280e+01 3.507530599999999765e+01
3.399919400000000280e+01 3.507530599999999765e+01 3.401913900000000268e+01 3.505624999999999858e+01
3.401913900000000268e+01 3.505624999999999858e+01 3.402994400000000041e+01 3.505208300000000321e+01
3.402994400000000041e+01 3.505208300000000321e+01 3.405452799999999769e+01 3.502583299999999866e+01
3.405452799999999769e+01 3.502583299999999866e+01 3.405788900000000297e+01 3.501663899999999785e+01
3.405788900000000297e+01 3.501663899999999785e+01 3.406875000000000142e+01 3.501166700000000276e+01
3.406875000000000142e+01 3.501166700000000276e+01 3.406536100000000289e+01 3.500747199999999992e+01
3.406536100000000289e+01 3.500747199999999992e+01 3.408205600000000146e+01 3.498747199999999680e+01
3.408205600000000146e+01 3.498747199999999680e+01 3.407372199999999651e+01 3.498244400000000098e+01
3.407372199999999651e+01 3.498244400000000098e+01 3.407458299999999696e+01 3.497911100000000317e+01
3.407458299999999696e+01 3.497911100000000317e+01 3.408044399999999996e+01 3.497580599999999862e+01
3.408044399999999996e+01 3.497580599999999862e+01 3.407999999999999829e+01 3.496791699999999992e+01
3.407999999999999829e+01 3.496791699999999992e+01 3.408580599999999805e+01 3.496458299999999753e+01
3.408580599999999805e+01 3.496458299999999753e+01 3.408955600000000175e+01 3.496583300000000349e+01
3.408955600000000175e+01 3.496583300000000349e+01 3.408913900000000297e+01 3.495461099999999988e+01
3.408913900000000297e+01 3.495461099999999988e+01 3.408330600000000032e+01 3.495538899999999671e+01
3.408330600000000032e+01 3.495538899999999671e+01 3.407999999999999829e+01 3.496291699999999736e+01
3.407999999999999829e+01 3.496291699999999736e+01 3.406916700000000020e+01 3.495786100000000118e+01
3.406916700000000020e+01 3.495786100000000118e+01 3.405247200000000163e+01 3.496958300000000008e+01
3.405247200000000163e+01 3.496958300000000008e+01 3.403330600000000317e+01 3.497288900000000211e+01
3.403330600000000317e+01 3.497288900000000211e+01 3.401833299999999838e+01 3.498286099999999976e+01
3.401833299999999838e+01 3.498286099999999976e+01 3.401083299999999809e+01 3.498372200000000021e+01
3.401083299999999809e+01 3.498372200000000021e+01 3.400327800000000167e+01 3.498041700000000276e+01
3.400327800000000167e+01 3.498041700000000276e+01 3.398661100000000346e+01 3.498444400000000343e+01
3.398661100000000346e+01 3.498444400000000343e+01 3.398158300000000054e+01 3.498197199999999896e+01
3.398158300000000054e+01 3.498197199999999896e+01 3.397994400000000326e+01 3.498525000000000063e+01
3.397994400000000326e+01 3.498525000000000063e+01 3.397163900000000325e+01 3.498697200000000151e+01
3.397163900000000325e+01 3.498697200000000151e+01 3.395991699999999724e+01 3.498611100000000107e+01
3.395991699999999724e+01 3.498611100000000107e+01 3.395741699999999952e+01 3.497861100000000079e+01
3.395741699999999952e+01 3.497861100000000079e+01 3.395161099999999976e+01 3.498197199999999896e+01
3.395161099999999976e+01 3.498197199999999896e+01 3.394486100000000306e+01 3.497780600000000106e+01
3.394486100000000306e+01 3.497780600000000106e+01 3.389911099999999777e+01 3.497197200000000095e+01
3.389911099999999777e+01 3.497197200000000095e+01 3.390363899999999830e+01 3.496655599999999708e+01
3.390363899999999830e+01 3.496655599999999708e+01 3.389322200000000151e+01 3.495441699999999940e+01
3.389322200000000151e+01 3.495441699999999940e+01 3.386819400000000257e+01 3.494280599999999737e+01
3.386819400000000257e+01 3.494280599999999737e+01 3.385486099999999965e+01 3.494444399999999717e+01
3.385486099999999965e+01 3.494444399999999717e+01 3.382994399999999757e+01 3.496277800000000013e+01
3.382994399999999757e+01 3.496277800000000013e+01 3.381491700000000122e+01 3.496947200000000322e+01
3.381491700000000122e+01 3.496947200000000322e+01 3.377655599999999936e+01 3.498030599999999879e+01
3.377655599999999936e+01 3.498030599999999879e+01 3.376819400000000115e+01 3.497863900000000115e+01
3.376819400000000115e+01 3.497863900000000115e+01 3.375236100000000050e+01 3.498194399999999860e+01
3.375236100000000050e+01 3.498194399999999860e+01 3.374655599999999822e+01 3.497861100000000079e+01
3.374655599999999822e+01 3.497861100000000079e+01 3.373405600000000248e+01 3.498280599999999652e+01
3.373405600000000248e+01 3.498280599999999652e+01 3.373158300000000054e+01 3.497858300000000042e+01
3.373158300000000054e+01 3.497858300000000042e+01 3.371072199999999697e+01 3.498024999999999807e+01
3.371072199999999697e+01 3.498024999999999807e+01 3.368488899999999830e+01 3.497444399999999831e+01
3.368488899999999830e+01 3.497444399999999831e+01 3.366658300000000281e+01 3.496613899999999830e+01
3.366658300000000281e+01 3.496613899999999830e+01 3.364447200000000038e+01 3.494158300000000139e+01
3.364447200000000038e+01 3.494158300000000139e+01 3.364200000000000301e+01 3.493402799999999786e+01
3.364200000000000301e+01 3.493402799999999786e+01 3.364694399999999774e+01 3.492655599999999794e+01
3.364694399999999774e+01 3.492655599999999794e+01 3.364111100000000221e+01 3.492905600000000277e+01
3.364111100000000221e+01 3.492905600000000277e+01 3.364286100000000346e+01 3.492074999999999818e+01
3.364286100000000346e+01 3.492074999999999818e+01 3.363947199999999782e+01 3.491491700000000264e+01
3.363947199999999782e+01 3.491491700000000264e+01 3.364033299999999826e+01 3.489241700000000179e+01
3.364033299999999826e+01 3.489241700000000179e+01 3.363700000000000045e+01 3.488155600000000334e+01
3.363700000000000045e+01 3.488155600000000334e+01 3.364036099999999863e+01 3.486738900000000285e+01
3.364036099999999863e+01 3.486738900000000285e+01 3.362527800000000155e+01 3.484736099999999936e+01
3.362527800000000155e+01 3.484736099999999936e+01 3.361030600000000135e+01 3.483569399999999661e+01
3.361030600000000135e+01 3.483569399999999661e+01 3.360322200000000237e+01 3.481444400000000172e+01
3.360322200000000237e+01 3.481444400000000172e+01 3.358236099999999880e+01 3.482025000000000148e+01
3.358236099999999880e+01 3.482025000000000148e+01 3.355236099999999766e+01 3.481863899999999745e+01
3.355236099999999766e+01 3.481863899999999745e+01 3.353994399999999843e+01 3.481113899999999717e+01
3.353994399999999843e+01 3.481113899999999717e+01 3.353405599999999964e+01 3.480277800000000354e+01
3.353405599999999964e+01 3.480277800000000354e+01 3.350152800000000042e+01 3.478613899999999859e+01
3.350152800000000042e+01 3.478613899999999859e+01 3.349738899999999830e+01 3.477694400000000030e+01
3.349738899999999830e+01 3.477694400000000030e+01 3.347155599999999964e+01 3.477533300000000338e+01
3.347155599999999964e+01 3.477533300000000338e+01 3.343569399999999803e+01 3.476533299999999826e+01
3.343569399999999803e+01 3.476533299999999826e+01 3.342402799999999985e+01 3.476033300000000281e+01
3.342402799999999985e+01 3.476033300000000281e+01 3.341738900000000001e+01 3.475113900000000200e+01
3.341738900000000001e+01 3.475113900000000200e+01 3.339155600000000135e+01 3.474533300000000224e+01
3.339155600000000135e+01 3.474533300000000224e+01 3.337408299999999883e+01 3.473530600000000135e+01
3.337408299999999883e+01 3.473530600000000135e+01 3.337072200000000066e+01 3.473033300000000168e+01
3.337072200000000066e+01 3.473033300000000168e+01 3.334569400000000172e+01 3.473027799999999843e+01
3.334569400000000172e+01 3.473027799999999843e+01 3.332741699999999696e+01 3.471866700000000350e+01
3.332741699999999696e+01 3.471866700000000350e+01 3.329149999999999920e+01 3.472447199999999867e+01
3.329149999999999920e+01 3.472447199999999867e+01 3.327655599999999936e+01 3.471780600000000305e+01
3.327655599999999936e+01 3.471780600000000305e+01 3.327322199999999697e+01 3.470780599999999794e+01
3.327322199999999697e+01 3.470780599999999794e+01 3.324658300000000111e+01 3.470447200000000265e+01
3.324658300000000111e+01 3.470447200000000265e+01 3.321072199999999697e+01 3.470694400000000002e+01
3.321072199999999697e+01 3.470694400000000002e+01 3.319658299999999684e+01 3.470530600000000021e+01
3.319658299999999684e+01 3.470530600000000021e+01 3.316822200000000009e+01 3.471200000000000330e+01
3.316822200000000009e+01 3.471200000000000330e+01 3.314824999999999733e+01 3.471197200000000294e+01
3.314824999999999733e+01 3.471197200000000294e+01 3.314069400000000343e+01 3.470863899999999802e+01
3.314069400000000343e+01 3.470863899999999802e+01 3.312655600000000078e+01 3.470780599999999794e+01
3.312655600000000078e+01 3.470780599999999794e+01 3.309069399999999916e+01 3.469283300000000025e+01
3.309069399999999916e+01 3.469283300000000025e+01 3.306988900000000342e+01 3.468780600000000192e+01
3.306988900000000342e+01 3.468780600000000192e+01 3.302572200000000180e+01 3.466113899999999859e+01
3.302572200000000180e+01 3.466113899999999859e+01 3.301441700000000168e+01 3.464819399999999661e+01
3.301441700000000168e+01 3.464819399999999661e+01 3.300775000000000148e+01 3.462822200000000095e+01
3.300775000000000148e+01 3.462822200000000095e+01 3.300608299999999673e+01 3.460902800000000212e+01
3.300608299999999673e+01 3.460902800000000212e+01 3.300950000000000273e+01 3.459488900000000200e+01
3.300950000000000273e+01 3.459488900000000200e+01 3.302319399999999661e+01 3.458113900000000029e+01
3.302319399999999661e+01 3.458113900000000029e+01 3.302783300000000111e+01 3.457994399999999757e+01
3.302783300000000111e+01 3.457994399999999757e+01 3.303780600000000334e+01 3.456738899999999859e+01
3.303780600000000334e+01 3.456738899999999859e+01 3.302991699999999753e+01 3.456202799999999797e+01
3.302991699999999753e+01 3.456202799999999797e+01 3.302402800000000127e+01 3.456202799999999797e+01
3.302402800000000127e+01 3.456202799999999797e+01 3.300408300000000139e+01 3.456947199999999754e+01
3.300408300000000139e+01 3.456947199999999754e+01 3.299819399999999803e+01 3.456786100000000062e+01
